predict,p0,p1
0,0.60762557783954,0.39237442216046
0,0.6282374909557771,0.3717625090442228
0,0.5595959985972048,0.4404040014027952
0,0.9377788012859568,0.0622211987140432
1,0.2834545620500086,0.7165454379499914
0,0.8026130289435011,0.1973869710564989
1,0.467084589796049,0.532915410203951
0,0.7949688329838682,0.2050311670161318
0,0.6442097105498377,0.3557902894501623
0,0.7477297925848552,0.2522702074151448
0,0.5384841097827062,0.4615158902172938
0,0.7773773178628426,0.2226226821371573
1,0.3999930661334235,0.6000069338665764
0,0.9540521036223611,0.0459478963776389
0,0.8204111931882597,0.1795888068117402
0,0.8311708461327791,0.1688291538672208
1,0.3283700141103755,0.6716299858896245
1,0.1651130340619099,0.8348869659380901
1,0.0529441283451769,0.9470558716548232
0,0.8091556096986385,0.1908443903013615
0,0.9353858236582304,0.0646141763417695
1,0.5093489812574352,0.4906510187425648
1,0.4194246114803143,0.5805753885196857
1,0.0284498343713435,0.9715501656286564
0,0.8701564672697992,0.1298435327302008
0,0.7464360506499932,0.2535639493500068
1,0.2441074894657294,0.7558925105342705
0,0.7984757860875453,0.2015242139124546
1,0.4698738998144485,0.5301261001855515
0,0.5721235133248035,0.4278764866751964
0,0.9493909767530604,0.0506090232469396
1,0.3278063943089159,0.6721936056910841
1,0.3139239194741876,0.6860760805258124
1,0.2118974157630824,0.7881025842369176
1,0.3292543651605909,0.6707456348394091
0,0.8406877443007691,0.1593122556992308
0,0.7025987083327943,0.2974012916672057
0,0.6008861787121871,0.3991138212878129
0,0.7125530850301667,0.2874469149698334
0,0.8165872369484827,0.1834127630515173
0,0.9231154207936632,0.0768845792063367
1,0.1117828727576064,0.8882171272423935
0,0.9396077907897352,0.0603922092102648
0,0.6674477132859508,0.3325522867140492
0,0.8274784633773791,0.1725215366226208
0,0.8400711755978971,0.1599288244021029
0,0.8887841710107168,0.1112158289892832
0,0.9199115414969226,0.0800884585030774
0,0.9318857304833548,0.0681142695166453
0,0.5333894832990075,0.4666105167009925
1,0.3139465278331104,0.6860534721668896
0,0.7113467260802251,0.2886532739197749
0,0.8875540295590002,0.1124459704409997
0,0.8084502582351301,0.1915497417648699
0,0.8300596761115553,0.1699403238884446
1,0.3564265284463789,0.6435734715536211
0,0.9175355814275292,0.0824644185724708
0,0.6511634434768203,0.3488365565231797
0,0.5446844772327941,0.4553155227672058
0,0.5449605759799996,0.4550394240200004
1,0.4294957913168244,0.5705042086831755
0,0.5775812450550598,0.4224187549449402
1,0.2687119497715745,0.7312880502284255
0,0.793633400973978,0.2063665990260219
0,0.9723967409949404,0.0276032590050595
0,0.7199005120050932,0.2800994879949067
0,0.8374379784449052,0.1625620215550948
0,0.885661179781781,0.1143388202182189
0,0.7443298293317098,0.2556701706682902
1,0.2297386748365687,0.7702613251634313
0,0.7863908400619107,0.2136091599380892
1,0.506712215779092,0.493287784220908
0,0.9658019244018884,0.0341980755981115
0,0.9580521319398422,0.0419478680601578
1,0.1221639348990482,0.8778360651009518
0,0.8477267325654756,0.1522732674345243
0,0.9584504226491292,0.0415495773508708
1,0.0869529622767559,0.913047037723244
0,0.7114171148419676,0.2885828851580324
0,0.8516056013036275,0.1483943986963724
1,0.5019109493394611,0.4980890506605389
1,0.4444267796734219,0.5555732203265781
1,0.335152090569481,0.664847909430519
0,0.7478486053926399,0.2521513946073601
0,0.6590306247506303,0.3409693752493697
0,0.9823270646212344,0.0176729353787654
0,0.9890357407786206,0.0109642592213794
0,0.9066366909364508,0.0933633090635493
1,0.5182612137224798,0.4817387862775201
0,0.9571416854455632,0.0428583145544369
1,0.5030953678782264,0.4969046321217736
0,0.7751859054121029,0.2248140945878971
0,0.7518726189170691,0.2481273810829309
0,0.9740267950578771,0.0259732049421228
1,0.1534793497697716,0.8465206502302284
0,0.6684843797374156,0.3315156202625843
0,0.9221255554924076,0.0778744445075923
0,0.9105497876016236,0.0894502123983763
0,0.7936770973628895,0.2063229026371104
0,0.7582809901291114,0.2417190098708886
0,0.896854724036959,0.1031452759630409
0,0.6553085605759625,0.3446914394240375
1,0.5212676829814068,0.4787323170185932
0,0.984398829484562,0.0156011705154378
0,0.960112082321005,0.039887917678995
0,0.939240243414406,0.0607597565855939
0,0.617743593021082,0.382256406978918
0,0.9206022302454102,0.0793977697545897
0,0.8662719459985879,0.133728054001412
0,0.8978384130132397,0.1021615869867602
0,0.6106846099464521,0.3893153900535478
0,0.8442010315974999,0.1557989684025
0,0.9138829097392532,0.0861170902607466
0,0.6745751258526379,0.3254248741473621
0,0.7616414274690443,0.2383585725309557
0,0.6100605669982482,0.3899394330017517
0,0.732046585226845,0.267953414773155
1,0.1532681429948982,0.8467318570051018
1,0.3712873551159179,0.6287126448840821
0,0.9490005295890436,0.0509994704109564
0,0.801435618150628,0.1985643818493719
0,0.9522709693144416,0.0477290306855585
0,0.9232500831259144,0.0767499168740856
0,0.6151402902433365,0.3848597097566634
0,0.5606831491889965,0.4393168508110035
0,0.8803656414771323,0.1196343585228677
0,0.9820071048764653,0.0179928951235347
0,0.921371882123186,0.078628117876814
0,0.8751921893191769,0.1248078106808231
0,0.7599042134803983,0.2400957865196017
0,0.7343633608964999,0.2656366391035001
1,0.0485072739388984,0.9514927260611016
0,0.8470957519105456,0.1529042480894543
1,0.4168051910906278,0.5831948089093721
0,0.853691522620212,0.1463084773797879
0,0.7433520146805277,0.2566479853194723
0,0.9263083153591002,0.0736916846408998
0,0.9589583757625032,0.0410416242374969
0,0.8091159965597512,0.1908840034402488
0,0.8600297126891353,0.1399702873108647
1,0.3282740184769793,0.6717259815230207
0,0.9617620943868788,0.0382379056131211
1,0.2208555040593076,0.7791444959406923
0,0.793737828954383,0.2062621710456169
0,0.9999867236169327,1.327638306709794e-05
0,0.9207871487316256,0.0792128512683744
1,0.3513201382025195,0.6486798617974805
1,0.4884614064132159,0.5115385935867841
0,0.979829411712385,0.0201705882876149
0,0.9267805193174016,0.0732194806825985
0,0.9317278071035175,0.0682721928964824
1,0.2058003232273298,0.7941996767726701
0,0.5742032004489978,0.4257967995510022
1,0.2024527280361868,0.7975472719638131
1,0.4190128758586522,0.5809871241413478
1,0.4184008932429003,0.5815991067570997
0,0.9929938127468662,0.0070061872531338
0,0.7238925531773874,0.2761074468226125
0,0.9999999865846232,1.3415376747288462e-08
0,0.9242637991757024,0.0757362008242977
0,0.8983518154758916,0.1016481845241083
0,0.8270256304984305,0.1729743695015695
0,0.8935825521094852,0.1064174478905148
1,0.037097684987001,0.9629023150129988
1,3.782437794053184e-05,0.9999621756220596
0,0.8292460944386792,0.1707539055613208
0,0.8485307642428925,0.1514692357571075
1,0.4615199751742883,0.5384800248257117
0,0.6437744246786703,0.3562255753213297
1,0.4407616501241164,0.5592383498758836
0,0.9903241152670316,0.0096758847329684
0,0.9999952987136356,4.701286364459674e-06
0,0.8135312047233719,0.186468795276628
0,0.9330005248201674,0.0669994751798325
0,0.97696677677486,0.0230332232251399
0,0.9683376435724892,0.0316623564275106
0,0.7927521882481856,0.2072478117518143
0,0.8956665279698282,0.1043334720301718
0,0.7816186390809523,0.2183813609190476
0,0.644048256594717,0.355951743405283
0,0.7916451123759283,0.2083548876240717
0,0.7383079860484664,0.2616920139515336
0,0.5290049228276457,0.4709950771723543
1,0.251704188037495,0.7482958119625049
0,0.5722028930805934,0.4277971069194066
0,0.8662095981396771,0.1337904018603228
0,0.978936819822062,0.0210631801779379
0,0.6531830747644161,0.3468169252355839
0,0.7225166948665825,0.2774833051334174
0,0.9629591389282822,0.0370408610717177
0,0.953822477958468,0.0461775220415318
0,0.5591418882271975,0.4408581117728025
0,0.7734146578877568,0.2265853421122432
0,0.9286095479205012,0.0713904520794986
0,0.6425239361405997,0.3574760638594004
0,0.8390195690871628,0.1609804309128371
1,2.8790054784622043e-09,0.9999999971209944
0,0.8537852663526821,0.1462147336473178
0,0.8582752933407518,0.1417247066592481
0,0.938676415316054,0.061323584683946
1,0.2628936004283669,0.737106399571633
0,0.891126972683859,0.108873027316141
0,0.8931256619553308,0.1068743380446691
0,0.7111353228630539,0.2888646771369461
0,0.9176441656753394,0.0823558343246606
1,0.336415875274804,0.663584124725196
0,0.9949650221582892,0.0050349778417108
0,0.955836741039857,0.0441632589601429
1,0.4777639571117482,0.5222360428882518
1,0.519898980760028,0.4801010192399719
0,0.6164503328195521,0.383549667180448
0,0.9196098735189272,0.0803901264810728
0,0.9234167179924988,0.0765832820075013
1,0.4911933292114326,0.5088066707885673
0,0.8340423676655822,0.1659576323344178
1,0.1942752386836777,0.8057247613163223
0,0.8301190589873417,0.1698809410126582
1,0.4616848055245315,0.5383151944754685
1,0.15059413635857,0.84940586364143
0,0.9181400345580122,0.0818599654419878
0,0.6107712149214635,0.3892287850785365
0,0.9340083610231286,0.0659916389768714
1,0.2361772248907706,0.7638227751092294
0,0.9398203794514934,0.0601796205485065
0,0.5416771189796523,0.4583228810203476
0,0.9588681289049796,0.0411318710950203
0,0.8692648840140863,0.1307351159859136
1,0.38717660538101,0.6128233946189899
1,0.0631835826463753,0.9368164173536246
1,0.5163324620889513,0.4836675379110487
0,0.8545811224637767,0.1454188775362233
0,0.8632652757962246,0.1367347242037754
0,0.8160210835729392,0.1839789164270608
0,0.6876321977793869,0.3123678022206131
0,0.6479164732294171,0.3520835267705829
0,0.6048128236225887,0.3951871763774113
0,0.8868854554079674,0.1131145445920326
1,3.768876517273867e-05,0.9999623112348272
0,0.8281431330008611,0.1718568669991388
0,0.8730773035037223,0.1269226964962777
1,0.4040845463849917,0.5959154536150083
0,0.7019060907209062,0.2980939092790938
1,0.3938478526773878,0.6061521473226121
0,0.8330596010408923,0.1669403989591077
0,0.9359661418907784,0.0640338581092217
0,0.6337679387210329,0.3662320612789672
0,0.909639669186971,0.0903603308130289
0,0.8950162645786093,0.1049837354213907
0,0.5402433578625822,0.4597566421374178
0,0.9412347926702452,0.0587652073297547
0,0.971867736709938,0.028132263290062
0,0.878036417807609,0.121963582192391
0,0.9295647705271464,0.0704352294728535
0,0.927175747555514,0.0728242524444859
1,0.0532138219955139,0.946786178004486
0,0.7257575613454359,0.274242438654564
1,0.3426170448416472,0.6573829551583528
0,0.8301394920736209,0.1698605079263791
0,0.6978866088809373,0.3021133911190626
1,0.2073684033375448,0.7926315966624552
1,0.0934659673062529,0.9065340326937472
0,0.7730243133168175,0.2269756866831824
1,0.1708823753955547,0.8291176246044453
1,0.3556699249224025,0.6443300750775974
0,0.956755130325832,0.0432448696741678
1,0.2933563376967568,0.7066436623032432
0,0.7664610781209087,0.2335389218790913
1,0.0969140425256802,0.9030859574743196
0,0.8569807106119534,0.1430192893880466
0,0.6510739325087498,0.3489260674912502
0,0.8784790584071736,0.1215209415928264
1,0.3382236651000188,0.6617763348999812
0,0.9145290615266056,0.0854709384733942
1,0.3145653017832246,0.6854346982167754
0,0.9333271763786214,0.0666728236213786
1,0.4483540168200658,0.5516459831799342
0,0.8360890352927985,0.1639109647072014
0,0.7944862709820965,0.2055137290179035
0,0.9074847758004562,0.0925152241995438
0,0.9899576076621732,0.0100423923378268
0,0.5967174715272534,0.4032825284727466
0,0.9918377457689646,0.0081622542310354
1,0.4441904744185698,0.5558095255814302
0,0.8969727620721455,0.1030272379278544
0,0.6213288846650117,0.3786711153349883
0,0.8992540385381376,0.1007459614618624
0,0.8745886077502676,0.1254113922497324
0,0.916492221465111,0.0835077785348889
0,0.9623657996520274,0.0376342003479726
1,0.1351001506477915,0.8648998493522084
0,0.86287233480733,0.1371276651926699
1,0.4758399293655989,0.5241600706344011
0,0.9429645874836255,0.0570354125163743
1,0.4008532913501795,0.5991467086498204
0,0.7535637519989165,0.2464362480010835
1,0.0877774418488211,0.9122225581511788
0,0.8537244541291371,0.1462755458708628
0,0.7568925816217404,0.2431074183782595
0,0.9803803900906938,0.0196196099093061
0,0.7697789514736145,0.2302210485263854
0,0.8113772452421335,0.1886227547578665
0,0.948702610285941,0.0512973897140589
0,0.9167822623113008,0.0832177376886992
1,0.1764128555060067,0.8235871444939933
0,0.9999608971914116,3.91028085883068e-05
0,0.922236662674751,0.077763337325249
1,0.2919846801144237,0.7080153198855763
0,0.7388412319462643,0.2611587680537356
1,0.3678386233345591,0.6321613766654409
0,0.9287244765592436,0.0712755234407565
1,0.1608910966243326,0.8391089033756673
0,0.775101098492699,0.2248989015073009
0,0.7001008346070221,0.2998991653929779
1,0.3347091603268761,0.6652908396731239
0,0.9649057230206636,0.0350942769793363
0,0.9711679575560824,0.0288320424439176
0,0.950160061291874,0.049839938708126
0,0.9793701431190108,0.020629856880989
0,0.8977821847978034,0.1022178152021966
0,0.6865432926410082,0.3134567073589918
0,0.920975459695318,0.0790245403046821
0,0.9098797873296992,0.0901202126703007
0,0.9399371924818856,0.0600628075181145
1,0.4248031610444595,0.5751968389555405
0,0.8074287700230258,0.1925712299769741
1,0.1118949098044789,0.8881050901955211
0,0.5933485359239047,0.4066514640760953
0,0.873370614301326,0.1266293856986739
0,0.8607649972522089,0.1392350027477911
0,0.7543031006728735,0.2456968993271264
0,0.8700554937147168,0.1299445062852832
0,0.813699064764583,0.186300935235417
0,0.8455031547693026,0.1544968452306974
0,0.9242155498932658,0.0757844501067341
0,0.618658141485749,0.381341858514251
1,0.5272194416086332,0.4727805583913668
0,0.9002630167025413,0.0997369832974587
0,0.6476378606846913,0.3523621393153086
1,0.2643050286799936,0.7356949713200064
0,0.8741339864677784,0.1258660135322216
0,0.6499926274473515,0.3500073725526484
0,0.8758652045213428,0.1241347954786572
0,0.9571967538476004,0.0428032461523997
0,0.9742818727750598,0.0257181272249401
1,0.4798367794228082,0.5201632205771918
0,0.8784327270043856,0.1215672729956144
0,0.8791691380260738,0.1208308619739262
1,0.120120045456822,0.8798799545431779
0,0.9600193755275456,0.0399806244724545
0,0.999936230846575,6.376915342495199e-05
0,0.9520883394469876,0.0479116605530124
0,0.8915778034899051,0.1084221965100949
0,0.905778986057587,0.094221013942413
0,0.935082627921796,0.0649173720782041
1,0.4448185004044221,0.5551814995955778
0,0.9578550178982234,0.0421449821017766
0,0.963659024670366,0.0363409753296339
0,0.7991443213274405,0.2008556786725595
0,0.9299359996609532,0.0700640003390469
1,0.1623471004296616,0.8376528995703384
0,0.8538074177205168,0.1461925822794832
1,0.4522599213975967,0.5477400786024033
0,0.8273797133246187,0.1726202866753813
1,0.1989038254027928,0.8010961745972072
0,0.5534379753368746,0.4465620246631254
1,0.3920606513328022,0.6079393486671978
1,0.1211752658955171,0.8788247341044828
1,0.2026609529070154,0.7973390470929845
0,0.8622891230559245,0.1377108769440754
0,0.9678039396526834,0.0321960603473165
0,0.9641867699838416,0.0358132300161584
1,0.4305742439006593,0.5694257560993407
0,0.9490467203550286,0.0509532796449714
0,0.8908531291568125,0.1091468708431874
0,0.9845244281674044,0.0154755718325956
1,0.1511723674589156,0.8488276325410844
0,0.6422628352982216,0.3577371647017784
0,0.9131449736804752,0.0868550263195246
1,0.4433829280857537,0.5566170719142463
0,0.6710512589480585,0.3289487410519415
0,0.799174838165277,0.2008251618347229
1,0.3248158107793781,0.6751841892206218
0,0.6767076208778129,0.3232923791221871
1,0.1106328438520124,0.8893671561479876
1,0.458340225958473,0.541659774041527
0,0.9219649438676552,0.0780350561323448
0,0.7577918645172095,0.2422081354827905
0,0.8897348083790031,0.1102651916209969
1,0.1791004362565198,0.8208995637434802
1,0.0117634386745075,0.9882365613254924
0,0.5609880190208094,0.4390119809791906
1,0.3683299412107341,0.6316700587892659
0,0.7858548116437245,0.2141451883562755
0,0.8484976221708926,0.1515023778291073
0,0.895588174885279,0.104411825114721
0,0.7784471009306868,0.2215528990693132
0,0.6392121831279535,0.3607878168720465
0,0.9637788566550508,0.0362211433449493
0,0.9244667003980976,0.0755332996019023
1,0.3175652536441321,0.6824347463558679
1,0.4094922046066884,0.5905077953933116
0,0.7903824234223406,0.2096175765776594
0,0.9772047253915752,0.0227952746084248
0,0.6102156157119503,0.3897843842880497
0,0.7981039246545224,0.2018960753454776
0,0.9929949744653808,0.0070050255346193
0,0.9262731962504884,0.0737268037495116
0,0.5961406363591608,0.4038593636408391
0,0.7505829571047695,0.2494170428952304
0,0.7467879513672263,0.2532120486327737
0,0.9695605401048286,0.0304394598951713
0,0.9999547141434264,4.528585657374982e-05
0,0.7824980594543056,0.2175019405456944
1,0.1641622242946958,0.8358377757053042
0,0.8776043279984459,0.122395672001554
0,0.7364124107200805,0.2635875892799195
0,0.929573957225716,0.0704260427742839
1,0.3197074912636344,0.6802925087363656
0,0.919808734675116,0.0801912653248838
1,0.2450567336629239,0.7549432663370761
1,0.1228931555997008,0.8771068444002992
0,0.8514319016835433,0.1485680983164566
0,0.6070666678389707,0.3929333321610292
0,0.8500555669315568,0.1499444330684431
0,0.9700655586875128,0.0299344413124873
1,0.0491452242643661,0.9508547757356338
0,0.7377295105586582,0.2622704894413418
0,0.979829411712385,0.0201705882876149
0,0.999977715049324,2.228495067617629e-05
1,0.469610113483803,0.530389886516197
0,0.9293455162227076,0.0706544837772923
0,0.8669811232284806,0.1330188767715193
0,0.7050362474100879,0.2949637525899121
1,0.3074900386596495,0.6925099613403505
1,0.3017563081730567,0.6982436918269432
0,0.9158770716565308,0.0841229283434691
0,0.7920141240471721,0.2079858759528278
1,0.4786923451053192,0.5213076548946808
0,0.9804844640879278,0.0195155359120722
0,0.7908850349342623,0.2091149650657377
0,0.9843889797283172,0.0156110202716828
0,0.8032310602215421,0.1967689397784578
0,0.7024094168117312,0.2975905831882687
0,0.9123723941113892,0.0876276058886106
0,0.8383663804204426,0.1616336195795573
1,0.3704484778559649,0.6295515221440351
0,0.9144183220726008,0.0855816779273993
0,0.6651170689317486,0.3348829310682514
1,0.1992423085834755,0.8007576914165244
0,0.9444162389894084,0.0555837610105917
0,0.7836871506438634,0.2163128493561366
0,0.8146864014660327,0.1853135985339673
1,0.391995055539582,0.608004944460418
0,0.9263399523455792,0.0736600476544206
0,0.7748694130692447,0.2251305869307552
0,0.8517680854641733,0.1482319145358267
1,0.108855863912563,0.8911441360874369
0,0.7460156835904445,0.2539843164095555
1,0.3575711652018858,0.6424288347981142
0,0.9870468063290831,0.0129531936709168
0,0.7867330292381548,0.2132669707618451
0,0.8682062609564069,0.1317937390435931
0,0.9240992300380592,0.0759007699619407
0,0.712782058622509,0.287217941377491
0,0.8123555970763445,0.1876444029236555
0,0.98886113892924,0.0111388610707599
0,0.7862315470016306,0.2137684529983694
1,0.2155740538816065,0.7844259461183934
0,0.7928428909760428,0.2071571090239573
0,0.9625826176704748,0.0374173823295253
0,0.980670847741094,0.0193291522589058
0,0.9147237032480572,0.0852762967519426
0,0.5946488597467481,0.4053511402532519
0,0.8342039214118977,0.1657960785881023
0,0.6189469124091249,0.3810530875908751
0,0.773569224509516,0.226430775490484
0,0.885260547781244,0.114739452218756
0,0.793371536347423,0.206628463652577
1,0.4990409148845055,0.5009590851154945
1,0.2661822455084265,0.7338177544915735
1,0.415295179557432,0.584704820442568
0,0.8894903831799522,0.1105096168200477
1,0.01351078427153,0.98648921572847
0,0.739342801752557,0.260657198247443
0,0.9869616646646884,0.0130383353353115
1,0.0660175618334362,0.9339824381665638
0,0.9368661518436892,0.0631338481563108
0,0.8396505664113758,0.1603494335886241
0,0.985363714586223,0.0146362854137769
0,0.937044073676214,0.062955926323786
1,0.4176397331377303,0.5823602668622697
1,0.0930224309206888,0.9069775690793112
0,0.8000709638250219,0.1999290361749781
1,0.4443355657729438,0.5556644342270561
1,0.3717176172855505,0.6282823827144495
0,0.9564399045654278,0.0435600954345722
0,0.8786649903637875,0.1213350096362124
1,0.0569110899380874,0.9430889100619124
0,0.8744076448431443,0.1255923551568557
0,0.7583123083931904,0.2416876916068095
0,0.5647345574140412,0.4352654425859588
1,0.5263417988000869,0.473658201199913
0,0.9186508856271294,0.0813491143728706
1,0.2105466803814842,0.7894533196185157
0,0.9098647534986556,0.0901352465013443
0,0.8691337535881807,0.1308662464118193
1,0.4845562972194396,0.5154437027805604
1,0.3190570646623286,0.6809429353376714
0,0.7920424361579885,0.2079575638420115
0,0.6328766544541184,0.3671233455458815
0,0.8136228298664754,0.1863771701335245
1,0.496081518480951,0.5039184815190489
0,0.9057691933519812,0.0942308066480189
1,0.0503696504257911,0.9496303495742088
0,0.9586632822892752,0.0413367177107246
1,0.3680476160035441,0.6319523839964559
0,0.957036246158278,0.042963753841722
1,0.2451809854905308,0.7548190145094692
0,0.7458637487432103,0.2541362512567898
1,0.193942179967884,0.806057820032116
0,0.9519422710651778,0.0480577289348221
1,0.1551421762471603,0.8448578237528397
1,0.2932757139805035,0.7067242860194964
0,0.5624842036438975,0.4375157963561025
0,0.9999192056216348,8.079437836508321e-05
0,0.6298601715478167,0.3701398284521833
0,0.975638171225042,0.024361828774958
0,0.9628184977618862,0.0371815022381137
0,0.8560732449411727,0.1439267550588273
1,0.2531987223260576,0.7468012776739423
0,0.6957781480605796,0.3042218519394205
0,0.7672316242484576,0.2327683757515423
1,0.3760842003574236,0.6239157996425764
0,0.795782833806755,0.204217166193245
0,0.6373546342916527,0.3626453657083472
0,0.5419086122776735,0.4580913877223265
1,0.0292439817906661,0.970756018209334
0,0.7456084244556109,0.2543915755443891
0,0.7910402269345896,0.2089597730654104
0,0.9501642677531152,0.0498357322468849
0,0.8847820158818593,0.1152179841181406
0,0.6474935037748084,0.3525064962251915
0,0.8380625709585543,0.1619374290414457
1,0.0760499634106296,0.9239500365893704
0,0.8779549312205901,0.1220450687794099
1,0.0206323390326943,0.9793676609673057
0,0.9885891245816356,0.0114108754183644
0,0.7064595300099537,0.2935404699900463
0,0.8524749248986478,0.1475250751013521
0,0.8864688753321542,0.1135311246678457
0,0.9703706396312992,0.0296293603687008
0,0.8343164228066491,0.1656835771933509
0,0.53983411368358,0.4601658863164199
0,0.9619578020410025,0.0380421979589976
1,0.0364452960434433,0.9635547039565566
1,0.5091471752746265,0.4908528247253735
0,0.9418883940182592,0.0581116059817407
0,0.8978143839579229,0.102185616042077
0,0.8866643529094933,0.1133356470905066
0,0.757940947821386,0.242059052178614
0,0.9488106396810786,0.0511893603189214
0,0.900028112006532,0.099971887993468
0,0.811130164733039,0.188869835266961
0,0.7189621497087628,0.2810378502912371
1,0.4150794572955703,0.5849205427044297
0,0.7046309937566803,0.2953690062433197
1,0.5220360179434937,0.4779639820565062
0,0.9445234092752796,0.0554765907247204
0,0.840851633396995,0.159148366603005
0,0.6567193139720295,0.3432806860279704
0,0.865893930299866,0.1341060697001339
0,0.8571020943519085,0.1428979056480914
0,0.8798993405004439,0.120100659499556
1,0.2535525333367179,0.7464474666632821
0,0.989191487552168,0.0108085124478318
0,0.9395262190515664,0.0604737809484336
0,0.8258922935534264,0.1741077064465736
0,0.8778425177986217,0.1221574822013783
1,6.096574891811812e-06,0.9999939034251082
1,0.1968142103991377,0.8031857896008623
0,0.5730702648795426,0.4269297351204574
0,0.8171217975924223,0.1828782024075776
0,0.860676174254831,0.139323825745169
0,0.8317976408899626,0.1682023591100374
0,0.9654108884110636,0.0345891115889364
0,0.7356402121793033,0.2643597878206966
0,0.9607692124751616,0.0392307875248384
0,0.8890988875853604,0.1109011124146395
1,0.3086601339141718,0.6913398660858282
0,0.6139461482777108,0.3860538517222892
0,0.9617385169329048,0.0382614830670951
1,0.2191819034508024,0.7808180965491975
0,0.7240439231678073,0.2759560768321927
0,0.9233913830036702,0.0766086169963298
0,0.6394287971038968,0.3605712028961031
0,0.8162312884844747,0.1837687115155253
0,0.7280076764596122,0.2719923235403877
0,0.800017191792795,0.199982808207205
0,0.8984318859432883,0.1015681140567117
0,0.7264599010221847,0.2735400989778153
0,0.9736898526627158,0.0263101473372841
0,0.7921948087795384,0.2078051912204616
0,0.942892239147842,0.0571077608521579
0,0.99995582966283,4.417033717005772e-05
0,0.6756570019760698,0.3243429980239302
0,0.8560914480314129,0.143908551968587
1,0.4288691215368962,0.5711308784631037
1,0.0572214265159329,0.942778573484067
0,0.8247126600354501,0.1752873399645499
0,0.5358729622082117,0.4641270377917883
0,0.553091124776605,0.446908875223395
1,0.0731405865147365,0.9268594134852636
0,0.9144066940619228,0.0855933059380773
0,0.8798358445389501,0.1201641554610498
1,0.241407525443279,0.758592474556721
0,0.7857911600019906,0.2142088399980094
1,0.3464001252696199,0.6535998747303801
0,0.7386832592939364,0.2613167407060636
0,0.8123787181595596,0.1876212818404403
0,0.7952732829593694,0.2047267170406305
0,0.72017225872386,0.2798277412761399
0,0.9840761279931376,0.0159238720068625
0,0.9319840405826832,0.0680159594173167
1,0.1174198774808097,0.8825801225191903
0,0.7114623635328932,0.2885376364671069
0,0.7799584223353482,0.2200415776646518
0,0.9615584036894068,0.0384415963105932
1,0.2577005173183389,0.7422994826816611
1,0.2498802557995888,0.7501197442004112
0,0.9788768121378146,0.0211231878621853
0,0.7655939667410069,0.2344060332589931
0,0.8544895606570881,0.1455104393429119
0,0.97317659872849,0.0268234012715099
0,0.6915711725342686,0.3084288274657314
0,0.7969736054551696,0.2030263945448303
1,0.4776088361453773,0.5223911638546227
1,0.1645763110879052,0.8354236889120947
0,0.9380452818858156,0.0619547181141843
0,0.9006926469826542,0.0993073530173458
0,0.6089360465254131,0.3910639534745869
0,0.9999106946694494,8.930533055065266e-05
0,0.9876931060189932,0.0123068939810067
1,0.4903091153043499,0.50969088469565
0,0.9999563377767322,4.366222326782605e-05
0,0.9597715668036192,0.0402284331963808
0,0.8783578965923052,0.1216421034076947
0,0.8836295600246634,0.1163704399753366
0,0.9533344982582354,0.0466655017417646
0,0.985628781272578,0.014371218727422
1,6.694979909671606e-05,0.9999330502009032
0,0.5988411923849573,0.4011588076150428
0,0.93409569959125,0.06590430040875
0,0.9515734630706816,0.0484265369293185
1,0.2912624600113744,0.7087375399886255
0,0.7881335973221175,0.2118664026778824
1,0.2194695583551045,0.7805304416448955
0,0.5900828872925483,0.4099171127074517
0,0.8317976408899626,0.1682023591100374
1,0.1976704901221616,0.8023295098778384
0,0.8418658847992815,0.1581341152007185
0,0.9420023529204408,0.0579976470795592
0,0.8001206677283673,0.1998793322716327
0,0.9718298657325202,0.0281701342674798
0,0.999992881099685,7.118900315012014e-06
0,0.9220662002676644,0.0779337997323354
1,0.3426020529790404,0.6573979470209595
0,0.7855255015927892,0.2144744984072108
0,0.8199544208948222,0.1800455791051778
0,0.8571556458604345,0.1428443541395655
0,0.8752087426043363,0.1247912573956636
0,0.9193516563703544,0.0806483436296456
0,0.6016443825525218,0.3983556174474781
1,0.1274954374943701,0.8725045625056299
1,0.4649121323186345,0.5350878676813655
0,0.7382845085978076,0.2617154914021924
0,0.9913896220926828,0.0086103779073172
0,0.6855739606865392,0.3144260393134608
0,0.8400494675816366,0.1599505324183633
0,0.8168442756438808,0.1831557243561191
0,0.9819365444308578,0.0180634555691422
0,0.7390990858800778,0.2609009141199222
0,0.9324840517856684,0.0675159482143317
0,0.748082454714506,0.251917545285494
1,0.3760200154534373,0.6239799845465627
1,0.2661167125461574,0.7338832874538426
0,0.8743491752752808,0.1256508247247192
1,0.4186588715417769,0.581341128458223
0,0.8960860981600272,0.1039139018399728
0,0.794372226632536,0.2056277733674639
0,0.6038892489832903,0.3961107510167097
1,0.1893605022269066,0.8106394977730934
1,4.880457791678339e-06,0.9999951195422084
0,0.891954508228576,0.1080454917714239
0,0.948196133077241,0.0518038669227589
1,0.2256100141704321,0.7743899858295679
0,0.733899713540761,0.2661002864592389
0,0.8981352165704712,0.1018647834295287
0,0.8859688783631696,0.1140311216368303
1,0.5122654694572504,0.4877345305427496
0,0.7453112406060088,0.2546887593939911
0,0.7651149981803218,0.2348850018196782
0,0.5900476954231955,0.4099523045768045
0,0.7659732346548043,0.2340267653451957
0,0.8884914074158392,0.1115085925841607
0,0.977633073840078,0.0223669261599221
0,0.8960814358327271,0.1039185641672728
0,0.6698961155267182,0.3301038844732817
0,0.8675382424983129,0.1324617575016871
0,0.8956795447705879,0.1043204552294121
0,0.622607779584482,0.377392220415518
1,0.4534987977820914,0.5465012022179085
1,0.0337802311271527,0.9662197688728472
0,0.931747596777214,0.0682524032227861
1,0.405426022904228,0.594573977095772
0,0.556260285714776,0.443739714285224
0,0.9880415872196232,0.0119584127803766
0,0.8777097871062046,0.1222902128937953
0,0.6596830172828245,0.3403169827171755
0,0.9499555012000152,0.0500444987999847
0,0.9346346544505062,0.0653653455494937
1,0.2299804218361305,0.7700195781638695
0,0.6662249475021969,0.3337750524978032
0,0.9437849437289972,0.0562150562710026
1,0.4497379142886912,0.5502620857113087
0,0.5612921340994803,0.4387078659005197
0,0.7356093926350573,0.2643906073649426
1,0.4387382501231607,0.5612617498768393
0,0.8835786038450694,0.1164213961549306
0,0.9287841197357648,0.0712158802642352
0,0.9136564173685114,0.0863435826314885
1,0.3023063692697171,0.6976936307302829
1,0.0209961311757945,0.9790038688242054
0,0.7930539293070616,0.2069460706929383
0,0.7636895034126664,0.2363104965873336
0,0.9091528380367124,0.0908471619632876
1,0.249661020920219,0.750338979079781
0,0.749853023136014,0.250146976863986
0,0.9450334809352164,0.0549665190647836
1,0.1996369098853829,0.800363090114617
0,0.7961226145943193,0.2038773854056806
0,0.7431270058001633,0.2568729941998366
0,0.7308824146487651,0.2691175853512348
1,0.1331467066426636,0.8668532933573364
0,0.8797847363994615,0.1202152636005384
0,0.9059282291069872,0.0940717708930129
1,0.0520098638859422,0.9479901361140578
0,0.8266264699068437,0.1733735300931563
0,0.9411629939021532,0.0588370060978466
1,0.1351855779063225,0.8648144220936774
0,0.7621973635062196,0.2378026364937804
0,0.985360162627232,0.0146398373727681
0,0.8685500784926222,0.1314499215073778
0,0.987558343891428,0.012441656108572
0,0.6075944439824773,0.3924055560175227
0,0.6986758345229458,0.3013241654770542
0,0.9999581438493064,4.185615069351365e-05
0,0.916236600737883,0.0837633992621169
1,0.4441356369405933,0.5558643630594067
0,0.8921757874635943,0.1078242125364057
0,0.8782247045233937,0.1217752954766062
0,0.8266806555900591,0.1733193444099408
0,0.9782176311164436,0.0217823688835563
0,0.8996822579507311,0.1003177420492689
0,0.9107518454122436,0.0892481545877564
1,0.1977024353160682,0.8022975646839318
1,0.120684723353892,0.879315276646108
1,0.3951087995298881,0.6048912004701119
0,0.7403234012913622,0.2596765987086378
0,0.8128109705678374,0.1871890294321626
0,0.7248070403013193,0.2751929596986807
0,0.8547190934425541,0.1452809065574459
1,0.10505027586602,0.89494972413398
0,0.861025364886456,0.138974635113544
0,0.6920873674414885,0.3079126325585115
0,0.9700004857763196,0.0299995142236804
0,0.9202713079063944,0.0797286920936055
0,0.6342293165825276,0.3657706834174724
0,0.6861151760913682,0.3138848239086318
0,0.8831415968770382,0.1168584031229618
0,0.9763103313343812,0.0236896686656187
1,0.3168491263279949,0.6831508736720051
0,0.9229644797366764,0.0770355202633234
0,0.8379030491104681,0.1620969508895319
0,0.7522303562250285,0.2477696437749714
0,0.929306185797527,0.070693814202473
0,0.952264794670929,0.047735205329071
0,0.922392677966932,0.0776073220330678
1,0.1822110538930192,0.8177889461069807
0,0.9101765177619252,0.0898234822380749
0,0.8526174279921115,0.1473825720078885
1,0.5150323991382557,0.4849676008617443
1,0.4190003341395834,0.5809996658604166
0,0.7658810883736443,0.2341189116263556
0,0.7763269677654544,0.2236730322345456
1,0.2191962212062841,0.7808037787937159
1,0.0785165966812746,0.9214834033187254
0,0.5458397867810212,0.4541602132189788
0,0.8195038124669591,0.1804961875330409
0,0.946659362171238,0.0533406378287618
0,0.8605890424640638,0.1394109575359362
0,0.5837170625932623,0.4162829374067377
0,0.8379429072620505,0.1620570927379495
0,0.8386485362364577,0.1613514637635422
1,0.411860808231532,0.588139191768468
0,0.8976417007797268,0.1023582992202732
0,0.894131453733006,0.105868546266994
0,0.7644952784059768,0.2355047215940232
1,0.313777964890489,0.686222035109511
0,0.5698589922700236,0.4301410077299764
1,0.0054194303496784,0.9945805696503216
1,0.4450740935608989,0.5549259064391011
0,0.6077472870002805,0.3922527129997195
1,0.1380416085411819,0.861958391458818
0,0.9826094897637228,0.0173905102362771
0,0.9764835251497714,0.0235164748502285
1,0.1314650324662636,0.8685349675337364
0,0.9238837797957348,0.0761162202042652
1,0.2857221776898393,0.7142778223101607
0,0.947592536132568,0.0524074638674319
1,0.0689264752004122,0.9310735247995876
0,0.9784842156966278,0.0215157843033722
1,0.4166195264951898,0.5833804735048101
0,0.8999318928479737,0.1000681071520262
1,0.5201150922518507,0.4798849077481492
0,0.6978967866075695,0.3021032133924305
1,0.3347444082692004,0.6652555917307996
0,0.9736735492000144,0.0263264507999855
0,0.9286095479205012,0.0713904520794986
0,0.7214274641206144,0.2785725358793856
1,0.3569796034973117,0.6430203965026883
1,0.3080370266933097,0.6919629733066903
0,0.8530764547417128,0.1469235452582872
0,0.909070609743436,0.0909293902565639
0,0.9870697837858832,0.0129302162141168
0,0.8574637545845767,0.1425362454154233
1,0.1399765439125216,0.8600234560874783
0,0.9713965206126182,0.0286034793873818
1,0.1997835097886139,0.8002164902113861
1,0.2923876540064818,0.7076123459935182
1,0.0480761833035869,0.951923816696413
1,0.0158210079327965,0.9841789920672036
0,0.8530112447441032,0.1469887552558968
1,0.2224306038296406,0.7775693961703594
0,0.7077800745463745,0.2922199254536255
0,0.8983491606590103,0.1016508393409896
0,0.9221644314639704,0.0778355685360294
1,0.4234471526922514,0.5765528473077486
0,0.969715031085209,0.030284968914791
0,0.970635853832452,0.0293641461675479
0,0.999966788914202,3.321108579798032e-05
0,0.9190816457995736,0.0809183542004264
0,0.5382296931047927,0.4617703068952073
0,0.889417208992298,0.1105827910077019
1,0.2153710316097075,0.7846289683902925
0,0.8976184433265726,0.1023815566734273
1,0.4084313711671976,0.5915686288328024
1,0.1199350520143014,0.8800649479856986
0,0.863802784596998,0.1361972154030019
0,0.9646447096691164,0.0353552903308835
0,0.7445013842664348,0.2554986157335653
0,0.9999517063097546,4.8293690245425575e-05
0,0.793108773760914,0.2068912262390859
1,0.3285660207085574,0.6714339792914426
0,0.8764676105416586,0.1235323894583414
1,0.193942179967884,0.806057820032116
0,0.9560601770901768,0.0439398229098231
1,0.4443460328615577,0.5556539671384423
0,0.8916363145259358,0.1083636854740642
0,0.8623574416691393,0.1376425583308607
0,0.6144375690086172,0.3855624309913827
0,0.7139640710591584,0.2860359289408417
0,0.5907732389596545,0.4092267610403454
1,0.188842741182,0.8111572588179999
0,0.6602420832182904,0.3397579167817096
1,0.1988358465564215,0.8011641534435785
0,0.7250722741102117,0.2749277258897883
0,0.7405994078368934,0.2594005921631066
0,0.6848983401887342,0.3151016598112658
0,0.5583571824647204,0.4416428175352795
0,0.5373324182639838,0.4626675817360162
0,0.8511439614209171,0.1488560385790829
0,0.9733173584168164,0.0266826415831836
0,0.9066778027992896,0.0933221972007103
0,0.7995513510022002,0.2004486489977998
1,0.334786928518592,0.665213071481408
0,0.5982692914553336,0.4017307085446663
0,0.8339044398956313,0.1660955601043686
0,0.9404751221946884,0.0595248778053115
0,0.9276689409364002,0.0723310590635998
0,0.9214291736827144,0.0785708263172857
0,0.6861699581467031,0.3138300418532969
0,0.8850575427329322,0.1149424572670677
1,0.2280559365132358,0.7719440634867641
0,0.5974213295129103,0.4025786704870897
0,0.9124268001096288,0.0875731998903711
0,0.9813904143387078,0.0186095856612921
0,0.9999021815122192,9.781848778077294e-05
0,0.9496793573672124,0.0503206426327875
0,0.8660318002690655,0.1339681997309345
1,0.0309739296663983,0.9690260703336016
0,0.9800498042173076,0.0199501957826925
0,0.7999782313373491,0.2000217686626508
0,0.8996866531651774,0.1003133468348226
0,0.8474755136209808,0.1525244863790192
0,0.986205361518572,0.0137946384814279
1,0.3016631312740626,0.6983368687259374
1,0.2921334224797596,0.7078665775202404
0,0.8893228553711116,0.1106771446288884
0,0.934898813538648,0.065101186461352
1,0.3187042694874724,0.6812957305125276
1,0.3188454351891943,0.6811545648108057
0,0.7149418728066893,0.2850581271933107
0,0.7168991420800643,0.2831008579199356
0,0.723705030533374,0.276294969466626
0,0.9602322510487876,0.0397677489512123
0,0.8585178981727464,0.1414821018272536
0,0.9367778757669304,0.0632221242330696
0,0.8427536893339455,0.1572463106660545
0,0.9148448978404414,0.0851551021595585
0,0.7189891238131306,0.2810108761868694
1,0.3220469468397184,0.6779530531602815
0,0.8875134594890774,0.1124865405109225
1,0.0217838583484638,0.978216141651536
0,0.983928150449834,0.016071849550166
0,0.8025020582935082,0.1974979417064918
0,0.5791165059016452,0.4208834940983548
0,0.7296260979050375,0.2703739020949624
0,0.9358553588698172,0.0641446411301829
0,0.9326153916657582,0.0673846083342417
0,0.7876443751149711,0.2123556248850289
0,0.9604785177159776,0.0395214822840222
0,0.9211748643113156,0.0788251356886843
0,0.6267367946431639,0.3732632053568361
0,0.9497635886402394,0.0502364113597606
0,0.7901854129463626,0.2098145870536373
1,0.3244541979204293,0.6755458020795707
0,0.9252118080980684,0.0747881919019316
1,0.0194495973788763,0.9805504026211236
0,0.8855723528275199,0.1144276471724801
1,0.1909215085981672,0.8090784914018327
0,0.6582001060998006,0.3417998939001994
0,0.8544277516095216,0.1455722483904784
0,0.7146686375902063,0.2853313624097937
0,0.8772212382181461,0.1227787617818539
1,0.0181445157403941,0.981855484259606
0,0.9882982134734628,0.0117017865265373
0,0.9608006117901652,0.0391993882098348
1,0.2896423005342424,0.7103576994657576
0,0.5663551627173372,0.4336448372826628
0,0.7254285684683555,0.2745714315316445
0,0.9936141862177978,0.0063858137822021
0,0.9999955168887894,4.483111210588881e-06
0,0.751465007606796,0.2485349923932039
1,0.0739094263844757,0.9260905736155244
0,0.7066914139498552,0.2933085860501448
0,0.8210852069152764,0.1789147930847236
0,0.612283987350387,0.387716012649613
0,0.8450828807622288,0.1549171192377711
0,0.8663233614632975,0.1336766385367025
1,0.4933247744587193,0.5066752255412806
0,0.7639054734819507,0.2360945265180493
0,0.8374345699049923,0.1625654300950076
0,0.5536715564491775,0.4463284435508224
0,0.8703220059904504,0.1296779940095495
0,0.9358594323232424,0.0641405676767576
0,0.8414594439006895,0.1585405560993105
0,0.8248203034215433,0.1751796965784566
0,0.8313358141839239,0.1686641858160761
0,0.9396202674040612,0.0603797325959388
0,0.8276150927904746,0.1723849072095254
0,0.9099955540234496,0.0900044459765504
0,0.8601014829498623,0.1398985170501376
0,0.5918630621733315,0.4081369378266685
1,0.1677625831309434,0.8322374168690566
1,0.2139767514158866,0.7860232485841133
0,0.8512780167966911,0.1487219832033088
1,0.2519012222386007,0.7480987777613993
0,0.8426135378595597,0.1573864621404403
0,0.8873464123736797,0.1126535876263203
0,0.7927122480086941,0.2072877519913058
0,0.8921962390073979,0.1078037609926021
0,0.5523506259478856,0.4476493740521144
0,0.621079977539077,0.3789200224609231
0,0.9645120191286788,0.0354879808713212
0,0.9122513071872256,0.0877486928127745
1,0.3776815505627182,0.6223184494372818
0,0.9100541007104782,0.0899458992895218
0,0.8233828897239867,0.1766171102760133
1,0.498014357099083,0.501985642900917
1,0.1195329841181473,0.8804670158818526
1,0.3759667550458114,0.6240332449541885
0,0.718113334713532,0.281886665286468
1,0.4820014880384748,0.5179985119615251
1,0.3349241796331064,0.6650758203668936
0,0.860697983072406,0.139302016927594
0,0.9710117012936262,0.0289882987063737
0,0.9572677458270096,0.0427322541729903
0,0.5796162140945789,0.4203837859054211
0,0.8710290062288459,0.1289709937711541
0,0.8833645591273861,0.1166354408726139
1,0.1927415533083821,0.8072584466916178
0,0.9531540084487458,0.0468459915512542
0,0.723466062189658,0.2765339378103419
0,0.872189776716465,0.1278102232835349
1,0.5078607660749435,0.4921392339250566
0,0.9135750828429176,0.0864249171570824
1,0.0932870336103349,0.906712966389665
0,0.88270211225621,0.1172978877437899
1,0.2769573496546619,0.7230426503453381
1,0.2581853862528928,0.7418146137471072
0,0.705426038816054,0.2945739611839459
1,0.0947639737416359,0.905236026258364
0,0.9488311123755038,0.0511688876244962
0,0.8704226650535657,0.1295773349464343
0,0.7023002013144279,0.297699798685572
0,0.7011428337093875,0.2988571662906125
0,0.8668333237499494,0.1331666762500506
1,0.1184518243107187,0.8815481756892812
0,0.8267661244099658,0.1732338755900342
0,0.8513310307499495,0.1486689692500504
1,0.0320079562800577,0.9679920437199424
0,0.937323866268194,0.0626761337318059
0,0.9456594669035622,0.0543405330964378
1,0.0546464560663054,0.9453535439336944
0,0.7284640638339961,0.2715359361660039
0,0.927242565136036,0.0727574348639641
1,0.2275526676069371,0.7724473323930628
0,0.932888282823942,0.067111717176058
1,0.3019022274666383,0.6980977725333617
0,0.9717060853193268,0.0282939146806731
1,0.0502501391867585,0.9497498608132414
1,0.2892444839070677,0.7107555160929323
0,0.9215555293316172,0.0784444706683828
0,0.7011455433091656,0.2988544566908344
0,0.5738647336085746,0.4261352663914254
0,0.9426615043611626,0.0573384956388373
0,0.7482188346512457,0.2517811653487543
0,0.7472767634107033,0.2527232365892967
0,0.7087961614909633,0.2912038385090367
0,0.6562656541696271,0.3437343458303729
0,0.9999999865846232,1.3415376747288462e-08
0,0.6713932687723482,0.3286067312276518
0,0.873624954808383,0.126375045191617
1,0.3974967208714286,0.6025032791285714
1,0.3454546221693371,0.6545453778306629
0,0.9516846353391888,0.0483153646608112
1,0.1425438774849542,0.8574561225150458
0,0.968777161968095,0.0312228380319049
1,0.4169531637236151,0.5830468362763849
1,0.2307402532352712,0.7692597467647287
0,0.9501878165448656,0.0498121834551343
0,0.9517927313659644,0.0482072686340354
0,0.7609222519700152,0.2390777480299847
0,0.8686588040275759,0.1313411959724241
0,0.7569617623030234,0.2430382376969766
0,0.710803408656224,0.2891965913437759
1,0.4121913364741553,0.5878086635258447
0,0.7768303008392416,0.2231696991607584
0,0.5776760600083317,0.4223239399916683
1,0.1788661275260303,0.8211338724739696
1,0.4214434947115152,0.5785565052884848
0,0.5458701237632799,0.4541298762367201
0,0.8186310486427465,0.1813689513572535
1,0.493083601738878,0.506916398261122
1,0.2469084946135356,0.7530915053864644
0,0.5434260097525629,0.456573990247437
1,0.4759906095914765,0.5240093904085235
1,0.0454445655645634,0.9545554344354366
0,0.9165444616266062,0.0834555383733937
0,0.8162743091712741,0.1837256908287259
0,0.8632172830094006,0.1367827169905994
0,0.9424365231028424,0.0575634768971574
1,0.4115812216563064,0.5884187783436936
0,0.8390901883961643,0.1609098116038356
0,0.5946859179524376,0.4053140820475623
0,0.9554015524068202,0.0445984475931797
0,0.8452700311079495,0.1547299688920505
1,0.1942328809185746,0.8057671190814254
1,0.4063827275430315,0.5936172724569685
1,0.1844676262065455,0.8155323737934544
0,0.5796169400969834,0.4203830599030166
0,0.853691522620212,0.1463084773797879
0,0.8777265404761823,0.1222734595238177
0,0.6217215944291592,0.3782784055708408
1,0.1922585884768133,0.8077414115231867
0,0.7680615351093745,0.2319384648906255
0,0.9401625353702024,0.0598374646297976
0,0.948450048117936,0.051549951882064
0,0.8136173363580634,0.1863826636419365
1,0.1396488030756387,0.8603511969243612
0,0.7505648289453921,0.2494351710546078
0,0.5502035598040029,0.449796440195997
0,0.8795932366539567,0.1204067633460432
0,0.9299062819948364,0.0700937180051635
0,0.8906288817436965,0.1093711182563035
0,0.6869294975469508,0.3130705024530492
0,0.6260484267821752,0.3739515732178248
0,0.8859127650208464,0.1140872349791536
0,0.9281011329845904,0.0718988670154095
0,0.8869306858171224,0.1130693141828775
0,0.9308607125721954,0.0691392874278046
0,0.5966827211196508,0.4033172788803492
1,0.5224883332863457,0.4775116667136543
1,0.317608894708742,0.682391105291258
1,0.3335454533058992,0.6664545466941008
1,0.4351698047815382,0.5648301952184618
0,0.6082633004502231,0.3917366995497769
0,0.8871637598772938,0.1128362401227062
0,0.7170843088885457,0.2829156911114543
0,0.9230074056602734,0.0769925943397265
0,0.9294303076138904,0.0705696923861096
0,0.6854081054632745,0.3145918945367255
0,0.8903866754545338,0.1096133245454662
0,0.8683026131357349,0.1316973868642651
0,0.9636218887715972,0.0363781112284028
1,0.102591572937841,0.897408427062159
0,0.5568944761863284,0.4431055238136716
0,0.9016532874745778,0.0983467125254221
0,0.9218963992240272,0.0781036007759728
0,0.8770937672426334,0.1229062327573665
1,0.5246590156826836,0.4753409843173165
0,0.6798951434001104,0.3201048565998896
1,0.0920058904700583,0.9079941095299416
1,0.0361583230817744,0.9638416769182256
0,0.987155651932069,0.012844348067931
0,0.9098242121830272,0.0901757878169727
0,0.9546843998799808,0.0453156001200193
1,0.5098070465645925,0.4901929534354074
1,0.429024229299394,0.570975770700606
0,0.9718424918601292,0.0281575081398707
0,0.9459483854226348,0.0540516145773651
0,0.9306918136953553,0.0693081863046448
0,0.8463187095966549,0.1536812904033451
0,0.932604078271598,0.0673959217284021
0,0.818025369509622,0.1819746304903779
0,0.953485539563701,0.046514460436299
0,0.9679912513061648,0.0320087486938351
1,0.0524262575271172,0.9475737424728828
0,0.8788834203612845,0.1211165796387154
1,0.4649296941027308,0.5350703058972692
0,0.8049158526722928,0.1950841473277071
1,0.2329038953921962,0.7670961046078038
0,0.8155805457411183,0.1844194542588817
0,0.8546271517591206,0.1453728482408793
1,0.2102771227687517,0.7897228772312482
1,0.0564593940610386,0.9435406059389614
0,0.9658284867063368,0.034171513293663
0,0.8779633319593096,0.1220366680406903
0,0.8298279319964778,0.1701720680035222
0,0.968326073444926,0.031673926555074
1,0.5099914934256207,0.4900085065743793
1,0.4691913022180699,0.5308086977819301
0,0.7483996649490874,0.2516003350509125
0,0.954465865573808,0.0455341344261921
1,0.4322745080686559,0.567725491931344
0,0.9044043750642852,0.0955956249357148
1,0.0187422032806588,0.9812577967193412
0,0.7622384285587461,0.2377615714412538
0,0.9063331473212292,0.0936668526787707
1,0.3288463420569294,0.6711536579430706
0,0.9712411921625737,0.0287588078374264
0,0.9427641932980892,0.0572358067019107
0,0.823421075814371,0.176578924185629
0,0.934185832685784,0.065814167314216
0,0.9304940136340574,0.0695059863659426
0,0.8978174387822017,0.1021825612177983
0,0.9013661721949078,0.0986338278050922
0,0.8863607994435678,0.1136392005564322
1,0.1669925193657458,0.8330074806342541
0,0.893184859014403,0.1068151409855969
1,0.2644666183291649,0.735533381670835
0,0.6534194067026251,0.3465805932973749
1,0.4706690623862891,0.5293309376137109
1,1.922825010636231e-05,0.9999807717498936
0,0.7839935877391468,0.2160064122608531
1,0.4381819912986817,0.5618180087013183
1,0.5226122177606363,0.4773877822393637
0,0.7682992616198745,0.2317007383801254
1,0.2663159926090953,0.7336840073909047
0,0.6026141389655095,0.3973858610344905
0,0.6967496632483372,0.3032503367516628
0,0.9458001842703572,0.0541998157296426
1,0.2897023923747917,0.7102976076252083
1,0.3089138871175367,0.6910861128824632
1,0.0863249708180252,0.9136750291819749
0,0.9322398195290592,0.0677601804709408
0,0.8744273052317278,0.1255726947682721
0,0.6845108203634325,0.3154891796365675
0,0.912033680540763,0.087966319459237
1,0.2005009430660512,0.7994990569339487
0,0.8393476468502785,0.1606523531497214
1,0.3033469833944509,0.6966530166055491
1,0.1999566286444156,0.8000433713555843
0,0.9874873585520292,0.0125126414479707
0,0.9373411485373428,0.0626588514626572
1,0.389892806636912,0.6101071933630879
0,0.6908833496572346,0.3091166503427653
0,0.9210226711316536,0.0789773288683464
1,0.1255321464398194,0.8744678535601805
0,0.8814505605631986,0.1185494394368013
0,0.9610331450180264,0.0389668549819736
0,0.9152701770125424,0.0847298229874576
0,0.9713807618856708,0.0286192381143291
0,0.5725804734364082,0.4274195265635918
1,0.3168920410541022,0.6831079589458978
0,0.875506206744953,0.1244937932550469
0,0.8657697028496413,0.1342302971503587
1,0.3372450842082208,0.6627549157917791
0,0.8309034545792849,0.1690965454207151
0,0.942583779441503,0.057416220558497
0,0.9495062602626736,0.0504937397373263
0,0.5700399644946048,0.4299600355053952
0,0.7826151747279818,0.2173848252720182
0,0.5352047255182225,0.4647952744817775
0,0.8838506961033157,0.1161493038966843
0,0.9349864470721352,0.0650135529278646
0,0.9251525517922584,0.0748474482077417
1,0.3589261357133285,0.6410738642866715
0,0.6289741023422999,0.3710258976577
0,0.927604119141758,0.0723958808582421
0,0.5384095787083549,0.4615904212916451
0,0.9899004937845812,0.0100995062154187
0,0.9505304061946273,0.0494695938053728
0,0.8651539802209998,0.1348460197790002
0,0.9032544483885814,0.0967455516114186
1,0.2189031018737872,0.7810968981262127
0,0.9136110641029678,0.0863889358970322
1,0.0328923536730645,0.9671076463269356
0,0.934876725658478,0.0651232743415219
1,0.1034692048599145,0.8965307951400855
0,0.9697927761184508,0.0302072238815492
0,0.7093479588014211,0.2906520411985788
1,0.5257407298850834,0.4742592701149166
0,0.9206687117299271,0.0793312882700728
0,0.8565032434765723,0.1434967565234277
1,0.1175989584411377,0.8824010415588622
0,0.698292798973343,0.301707201026657
0,0.5530590298965123,0.4469409701034876
1,0.4369595395655422,0.5630404604344578
0,0.9424107740868616,0.0575892259131384
0,0.9246629387386822,0.0753370612613177
1,0.5270845397748656,0.4729154602251343
0,0.5451564946206562,0.4548435053793437
0,0.7639740524745949,0.236025947525405
0,0.877681625933398,0.1223183740666019
0,0.7745230827506366,0.2254769172493633
0,0.7792710008946906,0.2207289991053093
0,0.7500973211136366,0.2499026788863634
1,0.2490372099562904,0.7509627900437096
0,0.9048538001015152,0.0951461998984849
0,0.7326319993221051,0.2673680006778948
0,0.8052045316037635,0.1947954683962365
0,0.9085738548526212,0.0914261451473788
0,0.7723988644276458,0.2276011355723541
0,0.8905142746638612,0.1094857253361387
1,0.052423664262676,0.947576335737324
0,0.6594704335435686,0.3405295664564314
0,0.94639718680315,0.0536028131968501
1,0.493612798166048,0.506387201833952
0,0.96391420625432,0.0360857937456798
0,0.9280910679941554,0.0719089320058446
1,0.241749848939404,0.758250151060596
1,0.0147177092213338,0.985282290778666
0,0.9028398934792428,0.0971601065207573
0,0.8517039545994812,0.1482960454005187
0,0.8557931912552462,0.1442068087447538
0,0.5626962403710825,0.4373037596289175
1,0.4202176128193201,0.5797823871806799
0,0.9425007932615012,0.0574992067384988
0,0.9392718917126502,0.0607281082873497
0,0.868940984583277,0.1310590154167231
0,0.8207918529330394,0.1792081470669606
0,0.6476175885651301,0.35238241143487
1,0.5179347745102407,0.4820652254897592
0,0.8305098300495404,0.1694901699504596
0,0.9041271652490368,0.0958728347509632
0,0.9598977167743464,0.0401022832256537
0,0.92056200734829,0.0794379926517101
1,0.401514924584223,0.598485075415777
0,0.933206731606827,0.066793268393173
0,0.5916039084582844,0.4083960915417156
0,0.7335712996611152,0.2664287003388847
0,0.9435606610972078,0.0564393389027921
0,0.9304726474546706,0.0695273525453293
0,0.8792529343753768,0.1207470656246231
0,0.8998993230120239,0.1001006769879761
1,0.0332070399506141,0.966792960049386
0,0.9999959188568308,4.081143169226426e-06
0,0.8352580656192732,0.1647419343807268
0,0.933193445725277,0.066806554274723
0,0.8882429264178093,0.1117570735821906
0,0.7340983444343399,0.2659016555656601
1,0.0667719386572707,0.9332280613427292
0,0.9434019816930196,0.0565980183069803
0,0.9422927800960166,0.0577072199039834
0,0.9513930525723652,0.0486069474276347
1,0.4550396360727914,0.5449603639272086
0,0.9999619047270047,3.809527299521624e-05
1,0.330214303044141,0.669785696955859
1,0.303921600898817,0.696078399101183
0,0.7485848616166568,0.2514151383833431
0,0.7579281922348811,0.2420718077651189
0,0.8652174612604268,0.1347825387395732
1,0.4665314549378052,0.5334685450621948
0,0.8915964262754527,0.1084035737245473
1,5.335957818486392e-06,0.9999946640421816
0,0.8012425170595675,0.1987574829404325
0,0.8671932036199457,0.1328067963800542
0,0.921665843582841,0.078334156417159
1,0.2172995857074623,0.7827004142925377
0,0.905212739009469,0.094787260990531
1,0.462995501183074,0.537004498816926
0,0.7486555014239331,0.2513444985760669
0,0.8305880235055451,0.1694119764944549
0,0.9448120252401588,0.0551879747598411
0,0.5789843448273345,0.4210156551726655
1,0.2408939834261063,0.7591060165738936
1,0.0875353092265048,0.9124646907734952
0,0.6160014998972501,0.38399850010275
0,0.6379528126124829,0.3620471873875171
1,0.0454843915730049,0.954515608426995
0,0.9095243130812104,0.0904756869187896
0,0.749832560027465,0.250167439972535
0,0.8752842629761711,0.1247157370238288
0,0.9064539602608028,0.093546039739197
0,0.7748152854268675,0.2251847145731325
0,0.8497224761635218,0.1502775238364781
0,0.7155540751244934,0.2844459248755066
1,0.3639881745809806,0.6360118254190193
1,0.4576060322265383,0.5423939677734617
1,0.2148224403894755,0.7851775596105245
0,0.7559322174505176,0.2440677825494824
1,0.0647980244617845,0.9352019755382156
1,0.3602524083341866,0.6397475916658134
0,0.9802999040640328,0.0197000959359673
0,0.9493722402815382,0.0506277597184617
1,0.4843504320089088,0.5156495679910912
0,0.8289625272236828,0.1710374727763172
0,0.8830605185762056,0.1169394814237943
1,0.0740005953207918,0.9259994046792082
0,0.9685196879098597,0.0314803120901403
0,0.9634269578059091,0.0365730421940907
0,0.5586012239848267,0.4413987760151733
1,0.1227922653593858,0.8772077346406142
0,0.9458307995376636,0.0541692004623364
1,0.4635948925395566,0.5364051074604433
0,0.981110988666692,0.0188890113333081
0,0.7935041326982977,0.2064958673017023
1,0.0991631194732388,0.9008368805267613
0,0.6167756763796752,0.3832243236203247
0,0.977234847225502,0.0227651527744979
1,2.5179329872893064e-05,0.9999748206701272
0,0.6880416073218482,0.3119583926781518
0,0.6438468060401373,0.3561531939598626
0,0.9763611014646232,0.0236388985353768
0,0.9999738938993016,2.6106100698526588e-05
0,0.7075605827410133,0.2924394172589867
0,0.6427599384283224,0.3572400615716776
0,0.7973917846956219,0.2026082153043781
1,0.17153585486235,0.82846414513765
1,0.0373128514091571,0.9626871485908428
0,0.7819382085244269,0.2180617914755731
0,0.8929983342351712,0.1070016657648288
1,0.3836189259303886,0.6163810740696114
0,0.8725234608826059,0.1274765391173941
1,0.1939345941403365,0.8060654058596635
1,0.4261750915861396,0.5738249084138604
0,0.8434836197729929,0.156516380227007
0,0.5658188410228371,0.4341811589771628
0,0.7887673543031587,0.2112326456968413
1,0.278160678403659,0.721839321596341
0,0.8982086482359838,0.1017913517640161
0,0.8752676741737591,0.1247323258262409
0,0.9389139756267774,0.0610860243732226
1,0.4176216261888356,0.5823783738111644
0,0.8365344756278035,0.1634655243721965
0,0.8689888299840981,0.1310111700159019
0,0.5689818254778695,0.4310181745221305
0,0.8171383353897597,0.1828616646102402
0,0.9620049728425067,0.0379950271574932
1,0.3136602196122405,0.6863397803877594
1,0.509953263561459,0.4900467364385411
0,0.907005911858169,0.0929940881418309
0,0.99995413853813,4.586146186992156e-05
0,0.8374687500081571,0.1625312499918428
1,0.3760910734987912,0.6239089265012088
0,0.9197475773001336,0.0802524226998664
0,0.5563976020440831,0.4436023979559169
0,0.8685652877147247,0.1314347122852752
0,0.8973916431251378,0.1026083568748622
1,0.0962388928512381,0.903761107148762
0,0.9048793850178724,0.0951206149821276
0,0.9384984130449764,0.0615015869550237
1,0.2498598879784083,0.7501401120215917
1,0.027270565071665,0.972729434928335
0,0.9426585438284364,0.0573414561715634
1,0.2752328835281019,0.7247671164718981
0,0.6478440971198944,0.3521559028801055
0,0.9019283866870044,0.0980716133129956
0,0.7261901388843546,0.2738098611156453
0,0.5586593403216966,0.4413406596783034
0,0.7060096124380313,0.2939903875619687
0,0.8213734881949577,0.1786265118050422
1,0.5171164331189531,0.4828835668810469
0,0.925379017142999,0.0746209828570009
0,0.7339469834444665,0.2660530165555335
0,0.9708146519580017,0.0291853480419984
0,0.7761943783459201,0.2238056216540799
0,0.93002700354038,0.0699729964596198
0,0.7426203941269194,0.2573796058730805
0,0.9787197697957344,0.0212802302042656
0,0.8338791529202014,0.1661208470797985
0,0.916236600737883,0.0837633992621169
0,0.6732936091321353,0.3267063908678647
0,0.8314005180256856,0.1685994819743144
0,0.901722186127295,0.0982778138727049
0,0.9707806263833388,0.0292193736166611
0,0.9383202618378718,0.0616797381621282
1,0.3310115904546599,0.6689884095453401
0,0.7780361309528461,0.2219638690471539
0,0.6433877309304314,0.3566122690695685
0,0.7858109866929985,0.2141890133070015
0,0.7346080002052302,0.2653919997947697
0,0.8587253538725124,0.1412746461274876
0,0.8435084008006437,0.1564915991993563
1,0.3187173207236848,0.6812826792763151
0,0.9682673939958976,0.0317326060041025
0,0.923184825599011,0.0768151744009889
0,0.767934164914388,0.232065835085612
0,0.8123555970763445,0.1876444029236555
0,0.7715063214799427,0.2284936785200572
0,0.6093352393663884,0.3906647606336116
0,0.6922908650614507,0.3077091349385493
0,0.8967037018445067,0.1032962981554933
0,0.8312865359046934,0.1687134640953066
0,0.6567665717893877,0.3432334282106123
1,0.5267910620477938,0.4732089379522061
0,0.9051853278580532,0.0948146721419467
0,0.7549407586810284,0.2450592413189715
1,0.4360712846591814,0.5639287153408186
0,0.9334637399768104,0.0665362600231896
1,0.1663573008941924,0.8336426991058076
0,0.5841326445582036,0.4158673554417965
0,0.8228600619462281,0.1771399380537719
0,0.9896785398066698,0.0103214601933302
0,0.943673764838078,0.0563262351619219
0,0.981225558086508,0.0187744419134918
0,0.9586114306347288,0.0413885693652712
1,0.3304226145080957,0.6695773854919043
0,0.6203660695832678,0.3796339304167322
1,0.4528294561107653,0.5471705438892347
0,0.7588932376504344,0.2411067623495656
1,0.3701205190263351,0.6298794809736649
0,0.9034540193705186,0.0965459806294813
1,0.1362731174629606,0.8637268825370393
1,0.4089487765122515,0.5910512234877485
0,0.857434262282879,0.142565737717121
0,0.974387498871127,0.025612501128873
1,0.440591246087317,0.559408753912683
0,0.609087753446752,0.390912246553248
1,0.4399670767742024,0.5600329232257976
0,0.9288363038579678,0.0711636961420322
0,0.9187158368860564,0.0812841631139437
0,0.963088937892279,0.036911062107721
0,0.9175113162565456,0.0824886837434543
0,0.8601921688370742,0.1398078311629259
0,0.7675975130195941,0.2324024869804058
1,0.4269610471040206,0.5730389528959794
0,0.956722399913412,0.043277600086588
1,0.3436840450334062,0.6563159549665938
0,0.9541758293967232,0.0458241706032769
0,0.9094095602409704,0.0905904397590296
0,0.9762466671756426,0.0237533328243574
1,0.0686028555352038,0.9313971444647962
0,0.999971947020782,2.8052979217931287e-05
0,0.6239677823019543,0.3760322176980457
0,0.7965123859651837,0.2034876140348163
0,0.9859900682602242,0.0140099317397757
0,0.5703715764368935,0.4296284235631065
0,0.6942591073264363,0.3057408926735637
1,0.0458211148141555,0.9541788851858444
1,0.3087271014019336,0.6912728985980664
0,0.9879176195513772,0.0120823804486228
0,0.9869561249928092,0.0130438750071907
0,0.739287550056442,0.2607124499435581
0,0.81184615435826,0.1881538456417399
1,0.0650638399583325,0.9349361600416676
0,0.6042419290943122,0.3957580709056877
1,0.0846491601879696,0.9153508398120304
1,0.5022624829342159,0.4977375170657841
1,0.1223779843115091,0.8776220156884909
0,0.696846096004951,0.303153903995049
0,0.8282441714750095,0.1717558285249904
1,0.332924264594663,0.6670757354053369
0,0.8564878720768131,0.1435121279231869
1,0.13672912682791,0.86327087317209
0,0.8654432132506946,0.1345567867493053
0,0.7550003514858922,0.2449996485141078
0,0.7654561111711887,0.2345438888288113
0,0.7464003772064899,0.2535996227935101
0,0.9374655157562573,0.0625344842437428
0,0.9731886346320024,0.0268113653679975
1,0.1879916853328669,0.8120083146671331
1,0.510378325867676,0.489621674132324
0,0.9072857034236596,0.0927142965763404
1,0.3171913090313545,0.6828086909686455
0,0.6895131164856072,0.3104868835143928
0,0.6546824216086168,0.3453175783913832
0,0.999999988759532,1.1240467896434804e-08
1,0.5056429735786752,0.4943570264213248
0,0.8592301658938459,0.140769834106154
0,0.9289100020017864,0.0710899979982134
0,0.5921247256576817,0.4078752743423183
1,0.0286508358973702,0.9713491641026296
0,0.9496781000540367,0.0503218999459631
0,0.984578880899417,0.015421119100583
0,0.9226361049207168,0.0773638950792832
0,0.980746186614788,0.019253813385212
0,0.7512183176391932,0.2487816823608067
0,0.9555035301545508,0.044496469845449
0,0.8821406197288352,0.1178593802711648
1,0.3727065473586959,0.6272934526413041
1,0.045504878666217,0.954495121333783
0,0.7603895504063147,0.2396104495936852
1,0.3110094781346324,0.6889905218653676
1,0.0963427212394485,0.9036572787605516
0,0.8526437328517207,0.1473562671482793
0,0.8580477063161478,0.1419522936838522
0,0.6530938811521978,0.3469061188478022
0,0.9181830585973864,0.0818169414026135
1,0.2327121320192945,0.7672878679807055
0,0.9110912426771132,0.0889087573228869
1,0.0246352572239675,0.9753647427760324
1,0.4329214785780689,0.567078521421931
0,0.9082531419621972,0.0917468580378028
1,3.183811292817307e-05,0.9999681618870718
0,0.5593779727912374,0.4406220272087627
1,0.3959579453215822,0.6040420546784178
0,0.954839680653539,0.045160319346461
1,0.2153710316097075,0.7846289683902925
0,0.9871849149396386,0.0128150850603614
0,0.6851691837995877,0.3148308162004123
0,0.8111361077706117,0.1888638922293883
0,0.5707424074938253,0.4292575925061747
0,0.8951861113752816,0.1048138886247184
0,0.7847247525361655,0.2152752474638345
1,0.3346443382733841,0.6653556617266159
0,0.95269278583739,0.0473072141626098
0,0.941856755220731,0.058143244779269
0,0.8681329096755275,0.1318670903244724
0,0.7123143354239706,0.2876856645760294
0,0.6180962576237203,0.3819037423762796
0,0.7592663372795992,0.2407336627204007
0,0.8662826617723715,0.1337173382276285
0,0.8191612826169734,0.1808387173830265
0,0.823613676326786,0.176386323673214
0,0.8646210464421056,0.1353789535578944
0,0.883333802777812,0.1166661972221879
1,0.3688348475369454,0.6311651524630546
1,0.0968719188669465,0.9031280811330534
0,0.5763475318919471,0.4236524681080528
0,0.9659099317628326,0.0340900682371673
0,0.9240006037544326,0.0759993962455674
0,0.9119602349820118,0.0880397650179881
0,0.9470035420625694,0.0529964579374305
0,0.628594979212195,0.3714050207878051
1,0.0942320632322092,0.9057679367677908
0,0.957425084538596,0.0425749154614039
0,0.6511258999575358,0.3488741000424642
0,0.8191377258552247,0.1808622741447753
0,0.7614350255390985,0.2385649744609015
0,0.9538332988308992,0.0461667011691009
0,0.9691330298028236,0.0308669701971763
0,0.5360314603251302,0.4639685396748698
0,0.9694146343565856,0.0305853656434144
0,0.6055755151152775,0.3944244848847225
0,0.7324645079173475,0.2675354920826525
0,0.936927155357121,0.063072844642879
1,0.0755986534474193,0.9244013465525808
0,0.7239514079434342,0.2760485920565658
1,0.1666924928630431,0.8333075071369569
0,0.7820290645208184,0.2179709354791816
0,0.7624162553012551,0.2375837446987448
0,0.5663823334990297,0.4336176665009704
1,0.4255584244922893,0.5744415755077107
0,0.8644418856744949,0.1355581143255051
1,0.441586868485859,0.558413131514141
0,0.6539247088435349,0.346075291156465
0,0.6818957949903379,0.3181042050096621
0,0.8763140715981287,0.1236859284018712
0,0.846909351305637,0.1530906486943629
0,0.58227535820837,0.41772464179163
0,0.6012878497044982,0.3987121502955018
1,0.1806496673387405,0.8193503326612595
0,0.8418500617527064,0.1581499382472936
0,0.9229725088921832,0.0770274911078167
0,0.8158048262926101,0.1841951737073899
1,0.1265719243736963,0.8734280756263036
0,0.7931150248427825,0.2068849751572175
0,0.8442096764032152,0.1557903235967847
0,0.8132091364651128,0.1867908635348872
1,0.4341701410760644,0.5658298589239356
0,0.9286884008348142,0.0713115991651858
0,0.806236936322053,0.193763063677947
0,0.809060458883722,0.1909395411162779
1,0.0946929269751499,0.90530707302485
1,0.4392415483885762,0.5607584516114238
0,0.9325703919420644,0.0674296080579355
0,0.8691827323114748,0.1308172676885252
0,0.922101448650772,0.0778985513492281
1,0.4170625368041835,0.5829374631958165
0,0.7425302256397126,0.2574697743602873
1,0.4977420780982278,0.5022579219017722
1,0.4413619708759347,0.5586380291240652
1,0.1754227292077284,0.8245772707922716
0,0.7059101527339162,0.2940898472660838
0,0.8400474774960986,0.1599525225039013
0,0.99999226559068,7.734409320094623e-06
0,0.7941964971994586,0.2058035028005413
1,0.497566023343065,0.502433976656935
0,0.9814755241626018,0.0185244758373982
0,0.9413673809091592,0.0586326190908407
0,0.5394447705455885,0.4605552294544115
0,0.8976557445875448,0.1023442554124551
1,0.316642544413093,0.683357455586907
0,0.9999999888703706,1.1129629442199397e-08
0,0.6592449330494762,0.3407550669505238
0,0.5579329592054851,0.4420670407945149
1,0.4180496191416922,0.5819503808583077
0,0.7649270388384399,0.23507296116156
0,0.6855739606865392,0.3144260393134608
0,0.723065443881557,0.276934556118443
0,0.962685034729608,0.0373149652703918
0,0.6378171283470522,0.3621828716529477
0,0.6539182744022014,0.3460817255977986
0,0.8195216416387046,0.1804783583612954
0,0.575985430361595,0.424014569638405
0,0.91240394013161,0.0875960598683898
0,0.9109518643639728,0.0890481356360272
0,0.7098362153395803,0.2901637846604197
0,0.842922037626301,0.157077962373699
0,0.9646267041198666,0.0353732958801333
0,0.8896042537975475,0.1103957462024525
0,0.8832128816613051,0.1167871183386948
0,0.7177290480689226,0.2822709519310774
0,0.574265917875999,0.4257340821240009
1,0.1163036370594056,0.8836963629405944
0,0.7914737756473018,0.2085262243526982
1,0.3558768341092997,0.6441231658907003
0,0.88427582109366,0.11572417890634
0,0.748043609280907,0.251956390719093
0,0.9420163260663889,0.0579836739336112
0,0.7656771010999897,0.2343228989000103
1,0.073535708983552,0.926464291016448
0,0.6267643122806974,0.3732356877193026
0,0.6540763466244182,0.3459236533755818
1,0.2464469757110784,0.7535530242889216
1,0.2624938078006731,0.7375061921993269
0,0.8995664161410278,0.1004335838589721
1,0.365873643516325,0.634126356483675
0,0.7210392631106826,0.2789607368893175
0,0.7794711104837776,0.2205288895162224
0,0.96058369731157,0.0394163026884301
0,0.954789891685102,0.0452101083148981
0,0.9796692795374832,0.0203307204625168
0,0.878727439621049,0.1212725603789509
0,0.9644238570719657,0.0355761429280344
0,0.7904223046518825,0.2095776953481175
0,0.8851024476631868,0.1148975523368131
1,0.087308289685881,0.912691710314119
0,0.899252640035851,0.1007473599641489
0,0.8244468411118999,0.1755531588881001
1,0.2552319176314018,0.7447680823685981
0,0.8807785050835236,0.1192214949164763
1,0.3950015230876665,0.6049984769123334
0,0.6800249226829365,0.3199750773170636
1,0.1329536020538423,0.8670463979461577
0,0.8184537385335855,0.1815462614664144
0,0.8372575645998817,0.1627424354001183
0,0.8665039542718591,0.1334960457281409
0,0.828893105886339,0.1711068941136609
0,0.9696095395425696,0.0303904604574304
0,0.9883773059980804,0.0116226940019197
0,0.9061778852706333,0.0938221147293668
0,0.99996206246852,3.7937531480094045e-05
0,0.9183329713119546,0.0816670286880454
0,0.9449596326184678,0.0550403673815322
0,0.7682682748365302,0.2317317251634698
0,0.5528463184278627,0.4471536815721373
0,0.7495131560685608,0.2504868439314392
1,0.3350715983289773,0.6649284016710226
0,0.8923368162616888,0.1076631837383112
0,0.8261127749432391,0.1738872250567609
0,0.9276276770500058,0.0723723229499942
0,0.8459261135645044,0.1540738864354956
0,0.8523267696845551,0.1476732303154448
0,0.941794571244136,0.058205428755864
0,0.5761896689897349,0.4238103310102651
0,0.7988613952194726,0.2011386047805273
0,0.9333410201868148,0.0666589798131852
0,0.9863390522635064,0.0136609477364936
0,0.989321681587166,0.0106783184128339
1,0.1892440465536827,0.8107559534463172
0,0.9384461022454992,0.0615538977545008
1,0.4991672547554677,0.5008327452445323
0,0.915100535916297,0.0848994640837029
0,0.927075172480344,0.0729248275196558
1,0.3718861326941645,0.6281138673058355
0,0.721513850449204,0.278486149550796
0,0.7437478081375988,0.2562521918624011
0,0.8675964543307002,0.1324035456692997
0,0.944785536623798,0.0552144633762019
0,0.8850417267102734,0.1149582732897266
1,0.2706413585690359,0.7293586414309641
1,0.1528728908644085,0.8471271091355914
1,0.2590546763818735,0.7409453236181265
1,0.3047807411832857,0.6952192588167143
0,0.765085948059586,0.234914051940414
1,0.216952958864031,0.783047041135969
0,0.9004536090643909,0.0995463909356091
0,0.859173889285942,0.140826110714058
1,0.2165632598453513,0.7834367401546487
1,0.0690979860943484,0.9309020139056516
0,0.881672805266241,0.1183271947337589
0,0.6774600910982278,0.3225399089017722
0,0.9294202806562676,0.0705797193437323
0,0.9195971844973744,0.0804028155026257
0,0.7291249128277129,0.2708750871722871
0,0.6864658174786873,0.3135341825213127
0,0.932654223919364,0.0673457760806358
0,0.8802384879191107,0.1197615120808892
0,0.8419964199825302,0.1580035800174698
0,0.6552349082318114,0.3447650917681885
0,0.5466643664441724,0.4533356335558276
0,0.9214266324127154,0.0785733675872846
0,0.5813488113283457,0.4186511886716543
0,0.8713053314530976,0.1286946685469023
0,0.5489814214214256,0.4510185785785744
0,0.9462962204893052,0.0537037795106948
1,0.2259939963813889,0.774006003618611
0,0.9421983978104282,0.0578016021895718
1,0.513738022243458,0.486261977756542
0,0.7740901891094426,0.2259098108905574
1,0.4699771781331608,0.5300228218668391
1,0.3100740036114034,0.6899259963885965
0,0.7204172447280957,0.2795827552719043
0,0.8859477843608855,0.1140522156391144
0,0.8015514826962266,0.1984485173037734
0,0.8763039915610998,0.1236960084389001
0,0.9488616096944732,0.0511383903055268
1,0.1699816830598342,0.8300183169401658
0,0.9254357247208712,0.0745642752791287
0,0.6751303113619302,0.3248696886380697
0,0.9271653515152752,0.0728346484847249
1,0.1646803162493864,0.8353196837506136
0,0.9999551833017292,4.4816698270790045e-05
0,0.9214388520631196,0.0785611479368803
0,0.8356556998023967,0.1643443001976032
0,0.6254431354025958,0.3745568645974042
0,0.590936217637512,0.4090637823624879
0,0.5452450998739214,0.4547549001260785
0,0.8197988253969087,0.1802011746030912
0,0.867138661698195,0.132861338301805
0,0.8250484911647789,0.1749515088352212
0,0.7278890770042372,0.2721109229957627
0,0.9819919794400044,0.0180080205599957
1,0.1936083809740481,0.8063916190259519
0,0.950683234249616,0.0493167657503838
1,0.4950732500260675,0.5049267499739325
1,0.0662691406618516,0.9337308593381484
1,0.0719981823518484,0.9280018176481516
0,0.9135595589580464,0.0864404410419536
0,0.8163038370588922,0.1836961629411078
0,0.9184805790966204,0.0815194209033797
0,0.9999399858902822,6.001410971774115e-05
1,0.1522601313291337,0.8477398686708663
1,0.1306610708986123,0.8693389291013877
1,0.3435144782088818,0.6564855217911182
1,0.391713413740414,0.608286586259586
0,0.9764547424026546,0.0235452575973453
0,0.9142617242480036,0.0857382757519964
1,0.1010348626536897,0.8989651373463102
0,0.6374942085269562,0.3625057914730438
0,0.7451479035914838,0.2548520964085162
0,0.8716765586640676,0.1283234413359324
0,0.9708741831091672,0.0291258168908327
1,0.3931097802771007,0.6068902197228992
1,0.2918525684665131,0.7081474315334869
0,0.5790456875267957,0.4209543124732043
1,0.1396336530411405,0.8603663469588595
0,0.9230389106194364,0.0769610893805634
0,0.729656853774029,0.270343146225971
0,0.7435815177570599,0.25641848224294
0,0.9306039187005848,0.0693960812994153
1,0.3443075961036129,0.655692403896387
1,0.4721533680615575,0.5278466319384425
1,3.176671381266427e-05,0.9999682332861872
0,0.9741364964581136,0.0258635035418863
1,0.3912689514271037,0.6087310485728963
0,0.6055739038118588,0.3944260961881412
0,0.976583994656796,0.0234160053432038
1,0.0786082534774118,0.9213917465225882
0,0.9439770515609136,0.0560229484390862
1,0.3053945450895818,0.6946054549104181
0,0.8951749114717159,0.104825088528284
1,0.0319481168098804,0.9680518831901196
0,0.6077878318633838,0.3922121681366162
1,0.2280577467840083,0.7719422532159916
1,0.3549015551873403,0.6450984448126597
0,0.9999778306915804,2.2169308419538563e-05
0,0.8723469324736743,0.1276530675263256
1,0.2923927706835247,0.7076072293164752
0,0.9849788638641804,0.0150211361358195
1,0.3579166649485833,0.6420833350514167
0,0.5291117100807554,0.4708882899192445
0,0.8608043278222604,0.1391956721777396
0,0.703923469643511,0.296076530356489
0,0.7904992770693857,0.2095007229306142
0,0.8311839957398489,0.1688160042601511
0,0.9022934930419708,0.0977065069580292
0,0.9702471910373062,0.0297528089626937
1,0.3320626492978692,0.6679373507021308
0,0.916861079346184,0.0831389206538161
1,0.4153683613696003,0.5846316386303997
0,0.5617816989823826,0.4382183010176174
1,0.2868569622886781,0.7131430377113219
0,0.9475570732029166,0.0524429267970833
1,0.0323557752496612,0.9676442247503388
0,0.669964445563118,0.3300355544368821
0,0.9799211137588733,0.0200788862411268
1,0.2388804110141,0.7611195889858999
0,0.6765136383336513,0.3234863616663487
0,0.719636711496386,0.2803632885036141
0,0.8293637928801084,0.1706362071198915
0,0.9350165045399664,0.0649834954600336
0,0.9566382178196944,0.0433617821803057
0,0.9266117890302812,0.0733882109697188
0,0.70898786141363,0.2910121385863699
0,0.8107964025357892,0.1892035974642108
0,0.9026930411639048,0.0973069588360953
0,0.8456215804444849,0.1543784195555151
0,0.99340131571082,0.00659868428918
1,0.1852564948646431,0.8147435051353569
0,0.8804783264561264,0.1195216735438735
1,0.3324112407495464,0.6675887592504536
0,0.7390752470528712,0.2609247529471288
0,0.96824946430982,0.03175053569018
1,0.3826224438193032,0.6173775561806968
1,0.3650186647850978,0.6349813352149022
1,0.2947943157298891,0.7052056842701109
0,0.946735962300481,0.053264037699519
0,0.7480818444464477,0.2519181555535524
1,0.2078247457193958,0.7921752542806042
0,0.7087670307779342,0.2912329692220657
1,6.7279177885515296e-06,0.9999932720822114
0,0.7238272335163565,0.2761727664836435
0,0.8374370187618623,0.1625629812381377
0,0.7086769730806216,0.2913230269193784
1,0.4047241234479356,0.5952758765520644
0,0.8600542384417497,0.1399457615582503
1,0.5189575881186564,0.4810424118813435
0,0.7390204168809158,0.2609795831190842
0,0.9999787413733512,2.125862664877685e-05
0,0.9058461059209963,0.0941538940790036
0,0.8752950907978714,0.1247049092021286
0,0.8817933769005097,0.1182066230994902
1,0.465422938716919,0.534577061283081
0,0.7783396205963937,0.2216603794036062
1,0.3711985122945447,0.6288014877054553
0,0.8964306197909667,0.1035693802090333
0,0.9020986648815073,0.0979013351184927
0,0.9768635402434124,0.0231364597565877
0,0.7387923679477849,0.2612076320522151
0,0.8135824983606005,0.1864175016393995
0,0.902660304292579,0.0973396957074209
0,0.615356468983353,0.3846435310166469
1,0.2814327900312832,0.7185672099687168
0,0.9143378247313458,0.0856621752686542
0,0.7970009768004702,0.2029990231995297
0,0.6213029209016088,0.3786970790983912
0,0.9837689163029256,0.0162310836970744
1,0.4659005939269389,0.5340994060730611
0,0.905669526782217,0.0943304732177829
0,0.9200756505015456,0.0799243494984542
0,0.5392693979701693,0.4607306020298307
0,0.8041134005767053,0.1958865994232946
0,0.7946289284780349,0.2053710715219651
1,0.0943510294755809,0.9056489705244192
0,0.829651171149196,0.170348828850804
0,0.999915765706442,8.423429355793022e-05
0,0.8506625874858795,0.1493374125141204
0,0.8670777152015176,0.1329222847984824
0,0.8439069045167075,0.1560930954832925
0,0.7742334564101627,0.2257665435898372
0,0.9803820686588032,0.0196179313411967
0,0.7486735036492687,0.2513264963507313
0,0.6886968583307176,0.3113031416692823
0,0.8836578200631894,0.1163421799368106
0,0.6643944363358439,0.335605563664156
1,0.1425976363814174,0.8574023636185826
1,0.2086059883849853,0.7913940116150147
1,0.0635666546107006,0.9364333453892992
0,0.8426877309983842,0.1573122690016157
1,0.1921725268174802,0.8078274731825198
0,0.7142094007810877,0.2857905992189123
0,0.9480323522124584,0.0519676477875415
0,0.6490557113661461,0.3509442886338538
0,0.9840751159087612,0.0159248840912387
0,0.6710512589480585,0.3289487410519415
0,0.767305160806921,0.232694839193079
0,0.8503949089930509,0.149605091006949
0,0.8923509286106457,0.1076490713893542
1,0.0537329733109261,0.9462670266890738
0,0.9066704392230148,0.0933295607769852
0,0.9455025731666832,0.0544974268333167
0,0.8448785350581506,0.1551214649418494
0,0.6103613431568582,0.3896386568431418
0,0.9779360105756024,0.0220639894243976
0,0.8872282260736579,0.1127717739263421
0,0.9219462200732468,0.0780537799267533
0,0.9631331010387604,0.0368668989612396
0,0.7440544755019365,0.2559455244980635
0,0.8738724790362201,0.1261275209637799
1,0.1163392245459209,0.8836607754540791
1,0.0957131995746569,0.904286800425343
0,0.5816234360508312,0.4183765639491688
0,0.9287917487406382,0.0712082512593618
0,0.8727009160330875,0.1272990839669124
0,0.6808431092720402,0.3191568907279599
0,0.9036868876411736,0.0963131123588264
0,0.5947038092855547,0.4052961907144453
0,0.5784343836358461,0.4215656163641539
0,0.7992897196335171,0.2007102803664828
0,0.8985887801123458,0.1014112198876542
1,0.2383610327916824,0.7616389672083176
0,0.8942011117532231,0.1057988882467768
1,0.5037877626982193,0.4962122373017806
0,0.747929335557566,0.252070664442434
0,0.9185214355234784,0.0814785644765214
0,0.8797365970984834,0.1202634029015165
0,0.7844092564768234,0.2155907435231766
0,0.8911473008058197,0.1088526991941803
0,0.6160456557987384,0.3839543442012615
0,0.6452794956589865,0.3547205043410135
0,0.9665127318679436,0.0334872681320563
0,0.8938195834119699,0.1061804165880301
1,0.2464646712632265,0.7535353287367734
0,0.6248961905854293,0.3751038094145706
0,0.6214431511255278,0.3785568488744721
0,0.9665662313207848,0.0334337686792151
0,0.9814532734868584,0.0185467265131416
0,0.6228622657014404,0.3771377342985595
0,0.8681344973840983,0.1318655026159017
0,0.8799135617176597,0.1200864382823403
0,0.9477425894577506,0.0522574105422493
0,0.8524329421313838,0.1475670578686162
0,0.7702270950748014,0.2297729049251985
0,0.9176847568062868,0.0823152431937131
0,0.9832673047771052,0.0167326952228946
0,0.5520501826941013,0.4479498173058986
0,0.8402328771727774,0.1597671228272226
0,0.7034401676724007,0.2965598323275993
0,0.6130389520585097,0.3869610479414903
0,0.7876035013139278,0.2123964986860722
0,0.6504916492830736,0.3495083507169264
1,0.354747779791951,0.645252220208049
0,0.7941573416481252,0.2058426583518747
0,0.7540541069949709,0.2459458930050291
0,0.925484676641844,0.0745153233581559
0,0.8689522577443516,0.1310477422556484
0,0.8481037964820969,0.1518962035179031
0,0.6254448664884902,0.3745551335115099
0,0.8678184982533736,0.1321815017466263
1,0.40965003575858,0.5903499642414199
1,0.1806826988794366,0.8193173011205633
0,0.9332886015975964,0.0667113984024035
0,0.8450102058233142,0.1549897941766858
0,0.8581786423627003,0.1418213576372997
1,0.1317800954684347,0.8682199045315653
1,0.28271363440908,0.71728636559092
0,0.8100671846808093,0.1899328153191906
0,0.785345788622126,0.2146542113778739
0,0.5374974471012556,0.4625025528987444
1,0.060247373612344,0.939752626387656
0,0.7727754350934759,0.227224564906524
1,0.1465474080777353,0.8534525919222646
0,0.7724129761942358,0.2275870238057642
0,0.9279653071091672,0.0720346928908328
0,0.8014762516384673,0.1985237483615327
0,0.9573404324198768,0.0426595675801233
0,0.7392306900170775,0.2607693099829225
0,0.6756515647583499,0.3243484352416501
0,0.8705348173276475,0.1294651826723525
1,0.4902595937309121,0.5097404062690879
0,0.9230229862100642,0.0769770137899358
0,0.837504587049717,0.162495412950283
0,0.7313236992826015,0.2686763007173984
0,0.9300155321672624,0.0699844678327377
0,0.999983619735368,1.6380264632068387e-05
0,0.7962838840282053,0.2037161159717947
0,0.9503605689671738,0.0496394310328261
1,0.1715710540331467,0.8284289459668532
0,0.9699399162873104,0.0300600837126895
0,0.7689307842478075,0.2310692157521925
1,0.4499341465301177,0.5500658534698822
0,0.5395653428801774,0.4604346571198225
0,0.8986975389607326,0.1013024610392673
0,0.9333565697530845,0.0666434302469157
0,0.5986708655267989,0.401329134473201
0,0.9223081856766424,0.0776918143233575
0,0.8338547176005583,0.1661452823994417
0,0.9451997145311218,0.0548002854688781
0,0.937843131360688,0.0621568686393119
0,0.684603923434984,0.315396076565016
0,0.9262491840165108,0.073750815983489
0,0.9647781857893112,0.0352218142106888
0,0.9999773062226904,2.2693777309598264e-05
0,0.8384268778045512,0.1615731221954487
0,0.9453308992678892,0.0546691007321107
0,0.9281160454528512,0.0718839545471487
0,0.9449633277612424,0.0550366722387577
0,0.7752496684314485,0.2247503315685515
1,0.2175586424713051,0.7824413575286948
0,0.9566409327521922,0.0433590672478077
0,0.7523561945828298,0.2476438054171702
0,0.8451734239032349,0.154826576096765
1,0.2912126153092154,0.7087873846907846
0,0.9512296700410902,0.0487703299589098
1,0.1481484361860133,0.8518515638139866
0,0.9046711124337896,0.0953288875662103
0,0.9844367762416222,0.0155632237583777
0,0.8830950294233519,0.116904970576648
0,0.9090518982115788,0.0909481017884212
0,0.951209158147707,0.0487908418522929
0,0.6343012368045832,0.3656987631954168
0,0.8005676140725222,0.1994323859274777
0,0.9347962020662136,0.0652037979337863
0,0.7081725767006259,0.291827423299374
0,0.7484342700333007,0.2515657299666993
1,0.4594742582367266,0.5405257417632734
1,0.286558855497116,0.713441144502884
0,0.9604575564642228,0.0395424435357771
0,0.6423577257365369,0.357642274263463
1,0.3305276578325196,0.6694723421674804
0,0.7532719163188364,0.2467280836811636
1,0.3017563081730567,0.6982436918269432
1,0.4276585515512013,0.5723414484487986
0,0.9513522760190788,0.0486477239809211
0,0.9057444891106154,0.0942555108893846
0,0.8159529213722114,0.1840470786277886
0,0.7343963773893363,0.2656036226106637
0,0.759761476821232,0.240238523178768
0,0.8322603918965236,0.1677396081034764
1,0.0433817712620435,0.9566182287379564
1,0.1061857386482645,0.8938142613517355
0,0.9047616779252824,0.0952383220747175
0,0.9999746860281432,2.531397185685744e-05
1,0.0678781885879954,0.9321218114120046
0,0.8624587288871468,0.1375412711128531
1,0.2301476540137133,0.7698523459862867
0,0.7724756589999693,0.2275243410000307
1,0.3464732894503559,0.6535267105496441
1,0.2311660497356241,0.7688339502643758
1,0.1326544652291432,0.8673455347708567
0,0.6588300951281729,0.3411699048718271
0,0.8443754395203523,0.1556245604796477
0,0.9070532712455628,0.0929467287544371
1,0.2677945880236765,0.7322054119763235
0,0.8897028924115947,0.1102971075884053
0,0.5873337127216924,0.4126662872783075
1,0.2976582948954062,0.7023417051045938
0,0.8911900318885159,0.1088099681114841
1,0.1687000397901226,0.8312999602098774
0,0.8559775978965634,0.1440224021034367
0,0.6487730899295696,0.3512269100704304
0,0.999879910713531,0.00012008928646901562
0,0.555902492722393,0.4440975072776069
0,0.9999946550410524,5.344958947549843e-06
0,0.6989668663152238,0.3010331336847763
0,0.8772404594043427,0.1227595405956572
1,0.4542222207834976,0.5457777792165024
0,0.8579746374220212,0.1420253625779787
0,0.624078237609641,0.375921762390359
1,0.1806845002971212,0.8193154997028788
1,0.5217516066783473,0.4782483933216527
0,0.8727873756247347,0.1272126243752652
0,0.8023956057825401,0.1976043942174599
0,0.548716223138016,0.451283776861984
1,2.868223510033019e-06,0.99999713177649
0,0.9324877576900266,0.0675122423099734
0,0.882362357204834,0.117637642795166
0,0.8691619737002013,0.1308380262997986
1,0.4766813498460336,0.5233186501539664
0,0.9519961964130096,0.0480038035869905
0,0.6804731354631817,0.3195268645368183
0,0.961175231090794,0.038824768909206
1,0.0975493574549418,0.902450642545058
1,0.386460862019041,0.6135391379809589
0,0.9901276077660104,0.0098723922339895
0,0.9831094611209596,0.0168905388790404
0,0.9163529091092848,0.0836470908907153
0,0.6637476464371884,0.3362523535628116
0,0.6794212318057438,0.3205787681942563
0,0.5459617986567555,0.4540382013432444
0,0.7625098388138813,0.2374901611861186
0,0.8874383446355029,0.1125616553644971
1,0.2674682952268107,0.7325317047731893
1,0.1679969598384252,0.8320030401615748
1,0.3249518338717294,0.6750481661282706
0,0.9741160072098364,0.0258839927901634
0,0.8360415916158134,0.1639584083841866
1,0.1499439324438473,0.8500560675561527
0,0.9534424293420228,0.0465575706579772
0,0.8363187660508372,0.1636812339491627
0,0.8980823476075978,0.1019176523924022
0,0.927237816851784,0.072762183148216
0,0.9889112829599996,0.0110887170400002
0,0.8611899304329899,0.1388100695670101
0,0.9444758823968756,0.0555241176031242
0,0.9115177535008148,0.0884822464991853
1,0.064908908331957,0.9350910916680428
0,0.8329483867026928,0.1670516132973072
0,0.8606837897761236,0.1393162102238763
1,0.0730992144619564,0.9269007855380436
0,0.5390323534831436,0.4609676465168564
1,0.0913043799658246,0.9086956200341754
1,0.2744547872630709,0.7255452127369291
1,0.3559154442118977,0.6440845557881023
0,0.8811057311007559,0.1188942688992441
0,0.9216795613056512,0.0783204386943488
0,0.6617705798483065,0.3382294201516935
0,0.8386850376414947,0.1613149623585052
0,0.6567237958920198,0.3432762041079801
0,0.7858580860876042,0.2141419139123958
1,0.5033651826334584,0.4966348173665416
0,0.9041139285768486,0.0958860714231513
0,0.8139887090225046,0.1860112909774954
0,0.8236471127393004,0.1763528872606996
0,0.995996383161776,0.0040036168382239
0,0.999974765925627,2.5234074373075386e-05
0,0.6565189873799231,0.3434810126200768
0,0.8830301245878271,0.1169698754121728
0,0.8227867969170787,0.1772132030829213
0,0.9228852868615776,0.0771147131384223
0,0.9409668513525848,0.0590331486474151
0,0.6114212011104896,0.3885787988895104
0,0.6772563163307499,0.3227436836692501
0,0.798092438319331,0.201907561680669
0,0.6350952862365185,0.3649047137634815
0,0.5894096782025937,0.4105903217974063
0,0.5626682540785186,0.4373317459214814
1,0.4779004742558081,0.5220995257441918
0,0.5677465566263523,0.4322534433736477
1,0.4940443595594815,0.5059556404405184
1,0.1637873473098847,0.8362126526901152
1,0.3577865568841352,0.6422134431158648
0,0.7177290480689226,0.2822709519310774
1,0.3128366297678467,0.6871633702321532
0,0.8813383616431827,0.1186616383568172
0,0.9191324481669768,0.080867551833023
0,0.9916103471147156,0.0083896528852843
0,0.9147074882624548,0.0852925117375451
0,0.9243941901234458,0.0756058098765541
0,0.8794652534815637,0.1205347465184362
0,0.9665166746620992,0.0334833253379008
1,0.0409789364024696,0.9590210635975304
0,0.6642067153048763,0.3357932846951237
0,0.7082568110479057,0.2917431889520943
1,0.1705079032174727,0.8294920967825272
0,0.8037794713595605,0.1962205286404395
0,0.8869216569197595,0.1130783430802404
0,0.7892803580587727,0.2107196419412272
0,0.8663462287433353,0.1336537712566647
0,0.7699235664204865,0.2300764335795135
1,0.4076730810893584,0.5923269189106416
0,0.9545892017171996,0.0454107982828003
0,0.9320541226350892,0.0679458773649107
0,0.7381561944987495,0.2618438055012505
0,0.8556098564750039,0.1443901435249961
0,0.6712427139994115,0.3287572860005885
0,0.9407968602550274,0.0592031397449725
0,0.9746461518324232,0.0253538481675767
0,0.954739277089415,0.0452607229105849
0,0.5661771692084401,0.43382283079156
0,0.8897028924115947,0.1102971075884053
0,0.6107712149214635,0.3892287850785365
1,0.414951704519533,0.585048295480467
0,0.9931174371819628,0.0068825628180372
1,0.1213802689885693,0.8786197310114306
0,0.8969519850436369,0.1030480149563631
0,0.7320989175133696,0.2679010824866303
1,0.3813516382718092,0.6186483617281908
0,0.9415598136005392,0.0584401863994608
0,0.7751909639581644,0.2248090360418355
1,0.2152936018914171,0.7847063981085829
1,0.0974328200854156,0.9025671799145843
1,0.1133657011816405,0.8866342988183594
1,0.3101847108445285,0.6898152891554715
1,0.3721242749631495,0.6278757250368505
0,0.8953624748823554,0.1046375251176446
0,0.8129414204199938,0.1870585795800061
0,0.8869299877486516,0.1130700122513483
1,0.4684251044212015,0.5315748955787984
1,0.3809762111394839,0.6190237888605161
0,0.8554831574556923,0.1445168425443077
0,0.9380354990966936,0.0619645009033065
0,0.5743249395844255,0.4256750604155744
0,0.730888255209385,0.2691117447906149
0,0.8867610935222207,0.1132389064777793
0,0.8127355794908027,0.1872644205091972
1,0.2202550790931073,0.7797449209068926
0,0.9361503720926744,0.0638496279073255
0,0.9904340548357,0.0095659451643001
0,0.6570807088962629,0.342919291103737
0,0.8639805995019044,0.1360194004980955
1,0.2651886688511445,0.7348113311488554
1,0.5258630412870675,0.4741369587129325
1,0.0724505352746416,0.9275494647253584
1,0.427692566184674,0.572307433815326
0,0.8603143505065007,0.1396856494934992
1,0.2070478006171328,0.7929521993828672
0,0.7004635677946437,0.2995364322053563
0,0.7672315159836219,0.2327684840163781
0,0.740477073801366,0.259522926198634
0,0.7505583640521403,0.2494416359478597
0,0.915644425054984,0.0843555749450158
0,0.8925929757411398,0.1074070242588601
1,0.3702656810609135,0.6297343189390865
0,0.8993002077912116,0.1006997922087884
0,0.7293092151743426,0.2706907848256574
0,0.903022170961622,0.096977829038378
0,0.714023624393141,0.2859763756068589
0,0.9645784571801684,0.0354215428198315
1,0.1412265718841543,0.8587734281158457
0,0.6695695101277117,0.3304304898722883
0,0.957281010870744,0.0427189891292561
1,0.1871184191347226,0.8128815808652774
0,0.9999946764772152,5.323522784806266e-06
0,0.9534766317937536,0.0465233682062462
0,0.8660150145555129,0.1339849854444871
0,0.9078498513314116,0.0921501486685884
0,0.7790873322208702,0.2209126677791298
0,0.7155222493204374,0.2844777506795626
0,0.9401129909289804,0.0598870090710194
0,0.8848415096376554,0.1151584903623445
0,0.9079266173304842,0.0920733826695158
0,0.5967744916325411,0.4032255083674588
0,0.8432338368070929,0.1567661631929072
0,0.5824808392374006,0.4175191607625995
0,0.7458627517272588,0.2541372482727412
0,0.8504734431757659,0.1495265568242341
0,0.6666872076709967,0.3333127923290034
0,0.9613022343441396,0.0386977656558604
0,0.7892594433242135,0.2107405566757865
0,0.8431377768955444,0.1568622231044555
0,0.9435500217995384,0.0564499782004617
1,0.1820004530959963,0.8179995469040037
0,0.7595437958647773,0.2404562041352227
0,0.952415004438332,0.047584995561668
0,0.7724796653423485,0.2275203346576515
0,0.8284104183321449,0.171589581667855
0,0.8845204131966746,0.1154795868033254
0,0.7500631393544817,0.2499368606455184
1,0.109188457528113,0.890811542471887
1,0.1700913355770663,0.8299086644229337
0,0.9326830176849368,0.0673169823150632
0,0.8943767824412155,0.1056232175587844
0,0.5718512149910058,0.4281487850089942
0,0.8158972055741261,0.1841027944258738
0,0.6806042808737288,0.3193957191262712
0,0.8207782543957671,0.1792217456042328
0,0.9684617780697498,0.0315382219302503
0,0.9285992770195364,0.0714007229804636
0,0.9999742490653304,2.5750934669519582e-05
0,0.7323508554636036,0.2676491445363964
0,0.9739475512193108,0.0260524487806892
1,0.4705575585742224,0.5294424414257776
1,0.3507440173038972,0.6492559826961027
0,0.9214668540444184,0.0785331459555814
0,0.7504229990841187,0.2495770009158813
0,0.9103941272988638,0.0896058727011362
0,0.6144569842881195,0.3855430157118805
0,0.939520463326194,0.060479536673806
0,0.8090802719482011,0.1909197280517988
0,0.779686246446273,0.2203137535537269
0,0.9098099658030896,0.0901900341969104
1,0.1428082649048976,0.8571917350951024
0,0.9180634831533208,0.0819365168466791
0,0.9832673047771052,0.0167326952228946
1,0.2348777548255863,0.7651222451744136
1,0.3467934337210059,0.6532065662789941
0,0.6638029681807112,0.3361970318192889
1,0.3165683405756389,0.6834316594243611
0,0.91349721678196,0.0865027832180401
1,0.3511247192320739,0.6488752807679261
1,0.1861867516886404,0.8138132483113596
0,0.7991005436000598,0.2008994563999402
0,0.7689765230989603,0.2310234769010397
0,0.8673352756335044,0.1326647243664955
1,0.4537397223276628,0.5462602776723372
0,0.697287878886347,0.302712121113653
1,0.4982857699331318,0.5017142300668682
1,0.2900549686721501,0.7099450313278499
0,0.660339212649445,0.339660787350555
0,0.7597411304517994,0.2402588695482006
0,0.7288409460224299,0.2711590539775701
0,0.9603224041458376,0.0396775958541622
0,0.8868032957315248,0.1131967042684752
0,0.8730128620841205,0.1269871379158794
1,0.3103736793308266,0.6896263206691734
0,0.646094495977917,0.353905504022083
0,0.9247643307941285,0.0752356692058716
0,0.8545691482048001,0.1454308517951998
0,0.6710874748182414,0.3289125251817586
0,0.8734987986104321,0.1265012013895679
0,0.9651234345868476,0.0348765654131524
1,0.1677815111116154,0.8322184888883846
0,0.8369725016382666,0.1630274983617333
0,0.9729622191173062,0.0270377808826937
1,0.4199828807271528,0.5800171192728472
0,0.9150882461675982,0.0849117538324017
0,0.9041312981199,0.0958687018801
1,0.4654823557878791,0.5345176442121209
0,0.7234863506760452,0.2765136493239548
0,0.6703649762661548,0.3296350237338452
0,0.8540692098468342,0.1459307901531658
1,0.3798095801513235,0.6201904198486765
0,0.9043201192136018,0.0956798807863981
0,0.97800398875574,0.0219960112442599
1,0.3191465434903554,0.6808534565096446
0,0.8691421260474501,0.1308578739525498
1,0.083234460612696,0.916765539387304
1,0.2595614817315718,0.7404385182684282
0,0.6146431019168708,0.3853568980831293
0,0.58242514601756,0.41757485398244
0,0.7585978971469537,0.2414021028530462
0,0.8890157061662938,0.1109842938337062
0,0.9917096862341634,0.0082903137658365
1,0.3209231827562167,0.6790768172437833
0,0.9034539615520584,0.0965460384479417
0,0.8396820709548714,0.1603179290451286
0,0.8473746198781081,0.1526253801218918
1,0.0323249316353733,0.9676750683646268
0,0.7096078657987014,0.2903921342012986
0,0.8096351224441585,0.1903648775558414
0,0.8550783412335767,0.1449216587664232
0,0.8314975175789805,0.1685024824210194
0,0.993627014513188,0.006372985486812
0,0.630993207729311,0.3690067922706889
0,0.9244900370468324,0.0755099629531674
0,0.9793601601537456,0.0206398398462544
0,0.8976698149953986,0.1023301850046014
1,0.3593068420656476,0.6406931579343523
0,0.8841846262297134,0.1158153737702866
0,0.9565493479673626,0.0434506520326374
0,0.944927128150592,0.0550728718494079
1,0.4156098920413998,0.5843901079586001
1,0.2673401653171309,0.7326598346828691
0,0.8689510893316813,0.1310489106683187
0,0.6623473450815963,0.3376526549184037
0,0.876722507438237,0.123277492561763
0,0.8493403673867361,0.1506596326132638
0,0.9477751032600704,0.0522248967399296
1,0.1637172742777087,0.8362827257222912
0,0.8231175826244567,0.1768824173755433
1,0.01351078427153,0.98648921572847
0,0.6623296992972283,0.3376703007027717
0,0.8558278885839253,0.1441721114160746
0,0.7405028847644746,0.2594971152355254
0,0.9642119015998796,0.0357880984001204
1,0.2416526613699816,0.7583473386300184
1,0.1776975927832997,0.8223024072167002
1,0.2633762274461381,0.7366237725538619
0,0.6440120146803012,0.3559879853196988
0,0.8623494385278913,0.1376505614721087
0,0.7237902118001553,0.2762097881998446
0,0.9855358308003312,0.0144641691996687
0,0.7984157692845514,0.2015842307154486
1,0.0297849507237274,0.9702150492762726
0,0.7047267587945525,0.2952732412054475
0,0.895921167153342,0.1040788328466579
0,0.94531517570462,0.0546848242953799
0,0.944871378159845,0.0551286218401549
1,0.2055074501200376,0.7944925498799623
0,0.8322527460141126,0.1677472539858874
0,0.923494976029982,0.0765050239700179
0,0.8615429796927327,0.1384570203072672
1,0.4670970270967948,0.5329029729032052
0,0.6162802881170507,0.3837197118829493
0,0.8651153307143978,0.1348846692856022
0,0.7948158980465599,0.20518410195344
0,0.9281950613191126,0.0718049386808874
0,0.6858874932416851,0.3141125067583149
0,0.655270412621404,0.3447295873785961
1,0.1963633619489758,0.8036366380510241
1,0.4678551108131432,0.5321448891868568
1,0.1708993554887831,0.8291006445112169
0,0.690756289772091,0.309243710227909
0,0.8714518835488725,0.1285481164511275
0,0.7775033626632911,0.2224966373367089
0,0.9804585964475898,0.0195414035524101
0,0.8312630598026762,0.1687369401973237
1,0.4500268606342863,0.5499731393657137
0,0.5281665134999842,0.4718334865000158
0,0.8460291835250624,0.1539708164749376
0,0.9327595363064968,0.0672404636935032
0,0.8178844837866875,0.1821155162133124
0,0.9077950079717544,0.0922049920282456
0,0.5536246521551955,0.4463753478448044
0,0.6880959967460684,0.3119040032539316
0,0.8017418817881045,0.1982581182118955
0,0.9365661742722656,0.0634338257277343
0,0.5461778122229815,0.4538221877770186
1,0.4233531151129028,0.5766468848870971
1,0.2014580745655083,0.7985419254344917
0,0.5434652856416299,0.4565347143583701
1,0.2199770026599316,0.7800229973400684
0,0.7468328334096929,0.2531671665903071
0,0.6926950875433348,0.3073049124566652
0,0.7522175927513423,0.2477824072486577
0,0.7362604954197303,0.2637395045802698
1,0.3036754341122469,0.696324565887753
1,0.0467757006819772,0.9532242993180228
0,0.9166418506401028,0.0833581493598971
0,0.9160297020388358,0.0839702979611642
0,0.9768745967369944,0.0231254032630056
0,0.8119540415310931,0.1880459584689069
1,0.240956113852586,0.7590438861474139
1,0.2580228910306021,0.7419771089693978
0,0.8259769709732927,0.1740230290267072
1,0.4632938047345434,0.5367061952654566
0,0.9839138528984634,0.0160861471015365
0,0.6395174041828944,0.3604825958171057
0,0.9505107571353004,0.0494892428646995
1,0.2252154844824028,0.7747845155175972
1,0.0211071942469111,0.9788928057530888
0,0.7717851759376261,0.2282148240623739
1,0.4181010020291434,0.5818989979708565
1,0.1673672396075941,0.8326327603924059
0,0.7555317294396409,0.2444682705603591
0,0.7137088796067974,0.2862911203932026
0,0.955314476156379,0.0446855238436209
1,0.1796266139003173,0.8203733860996827
1,0.2515860114936793,0.7484139885063207
0,0.7843285997570101,0.2156714002429899
0,0.9999999865846232,1.3415376747288462e-08
0,0.705834803955108,0.294165196044892
0,0.940042508095672,0.0599574919043281
1,0.5232162364288726,0.4767837635711274
0,0.8463854671418185,0.1536145328581814
0,0.956942115355242,0.0430578846447579
0,0.8634500012357822,0.1365499987642178
1,0.3005618656250396,0.6994381343749604
0,0.9440664459796932,0.0559335540203069
0,0.5900504159712059,0.409949584028794
0,0.6907067662925864,0.3092932337074136
1,0.3524740222981488,0.6475259777018512
0,0.8996247028180165,0.1003752971819834
1,0.1254770595762391,0.8745229404237609
0,0.7528259732740618,0.2471740267259382
0,0.806088789223542,0.193911210776458
0,0.9159439361195876,0.0840560638804125
0,0.9508981796078976,0.0491018203921024
1,0.0701744394406898,0.9298255605593102
0,0.920659727402555,0.079340272597445
0,0.868553863569061,0.131446136430939
0,0.9674981080014546,0.0325018919985454
0,0.6288724607848912,0.3711275392151088
0,0.9518329110241812,0.0481670889758188
1,0.493016243406175,0.506983756593825
0,0.7767056482802676,0.2232943517197324
0,0.9999328684795727,6.713152042710583e-05
1,0.139597852823529,0.860402147176471
1,0.1995156464045248,0.8004843535954752
0,0.6423577257365369,0.357642274263463
1,0.1569750076275238,0.8430249923724762
0,0.9768349487949692,0.0231650512050307
0,0.8534536959208834,0.1465463040791166
0,0.8673466379169639,0.1326533620830361
0,0.7838528831092638,0.2161471168907362
0,0.9779928437687716,0.0220071562312284
0,0.8034693868803267,0.1965306131196733
0,0.8835300062385701,0.1164699937614298
0,0.7444111257228502,0.2555888742771498
1,0.1740701218405062,0.8259298781594938
0,0.9509915441668496,0.0490084558331502
0,0.7110049017806184,0.2889950982193817
0,0.7877679559349213,0.2122320440650787
0,0.915503672896887,0.0844963271031129
1,0.1966038760437499,0.80339612395625
0,0.6663961476409174,0.3336038523590826
0,0.9056109037908268,0.0943890962091732
1,0.2089396407264614,0.7910603592735386
1,0.0905682958511695,0.9094317041488305
0,0.9055735430754216,0.0944264569245785
0,0.8534385306497407,0.1465614693502592
0,0.6405284785052079,0.3594715214947921
0,0.8478474170614838,0.1521525829385161
0,0.5939945533608553,0.4060054466391448
0,0.9056603639114498,0.0943396360885502
0,0.7754671162450939,0.2245328837549061
0,0.6215591959913808,0.3784408040086192
0,0.9858598556459304,0.0141401443540695
0,0.926363349871284,0.0736366501287159
0,0.6298770542201266,0.3701229457798733
0,0.7908138019184916,0.2091861980815084
1,0.3770454126460917,0.6229545873539083
0,0.8700649387482167,0.1299350612517832
0,0.8166703979726258,0.1833296020273742
0,0.9533928170940198,0.0466071829059802
0,0.863489984341035,0.136510015658965
0,0.955026481144986,0.044973518855014
1,0.3443948253664067,0.6556051746335932
0,0.8143669551131565,0.1856330448868434
0,0.7957477305414935,0.2042522694585065
1,0.4276201062586288,0.5723798937413712
0,0.9862796410271496,0.0137203589728504
0,0.5740940502801462,0.4259059497198538
0,0.8244041673307407,0.1755958326692592
0,0.7950867601423863,0.2049132398576136
0,0.9538513103203912,0.0461486896796086
1,0.1426113145047353,0.8573886854952647
0,0.9104222468305272,0.0895777531694728
0,0.7536240248452829,0.246375975154717
0,0.8987160902623533,0.1012839097376467
0,0.7804346096899537,0.2195653903100463
0,0.936247414899978,0.0637525851000221
0,0.7709564038210546,0.2290435961789453
0,0.8128648729199291,0.1871351270800708
0,0.6470217648882213,0.3529782351117787
0,0.8494671314397177,0.1505328685602822
1,0.4063384038768413,0.5936615961231587
0,0.8931982137625545,0.1068017862374455
0,0.5952960670225027,0.4047039329774973
0,0.9250548971870582,0.0749451028129417
0,0.9902553869031177,0.0097446130968824
0,0.9651281065926784,0.0348718934073215
0,0.8406046549784938,0.1593953450215062
0,0.6480488316099693,0.3519511683900306
0,0.7195596280718116,0.2804403719281884
1,0.4305989493316046,0.5694010506683954
0,0.9088543020512316,0.0911456979487682
0,0.7986590915867331,0.2013409084132669
0,0.951218959789629,0.048781040210371
0,0.6296275464017804,0.3703724535982195
0,0.9910019453246484,0.0089980546753516
1,0.1114756865852147,0.8885243134147852
0,0.899507732354736,0.1004922676452639
0,0.6506366691286642,0.3493633308713358
0,0.8160571338468929,0.183942866153107
0,0.5429579599401739,0.4570420400598261
0,0.6514498483569684,0.3485501516430316
0,0.8467981949321854,0.1532018050678146
0,0.8672809944103209,0.132719005589679
0,0.9746195634269138,0.0253804365730861
0,0.703884927066976,0.2961150729330239
0,0.9999999865846232,1.3415376747288462e-08
1,0.088683102885812,0.911316897114188
1,0.3755043368139942,0.6244956631860058
1,0.276117492060124,0.723882507939876
1,0.1711179511340332,0.8288820488659667
0,0.8727873926765336,0.1272126073234664
1,0.400836445867907,0.599163554132093
0,0.8405547903282027,0.1594452096717973
1,0.5099290142826183,0.4900709857173818
0,0.8984358692192653,0.1015641307807347
0,0.902582544373768,0.0974174556262319
0,0.5612946993523134,0.4387053006476867
1,0.1532831213692066,0.8467168786307934
1,0.15823889590035,0.84176110409965
0,0.9492777743035724,0.0507222256964277
0,0.7812406416166406,0.2187593583833593
0,0.5314533415069295,0.4685466584930705
0,0.6777538595282093,0.3222461404717907
0,0.5980698018036055,0.4019301981963945
0,0.8846548383965835,0.1153451616034164
0,0.9999382158285152,6.178417148485694e-05
0,0.96113853327008,0.0388614667299199
1,0.1619582464925273,0.8380417535074727
0,0.6153918308248598,0.3846081691751402
0,0.999970554019614,2.944598038598518e-05
0,0.7639957234315624,0.2360042765684376
1,0.3255190028251394,0.6744809971748605
0,0.8666028654335975,0.1333971345664025
0,0.993193047783582,0.0068069522164181
0,0.8387096368359099,0.16129036316409
1,0.3468157320933156,0.6531842679066844
0,0.8410534629786612,0.1589465370213388
1,0.375333637541775,0.6246663624582249
0,0.7567042721946293,0.2432957278053706
0,0.5817457558905852,0.4182542441094148
0,0.7380459616736604,0.2619540383263395
1,0.2675781946005383,0.7324218053994617
0,0.6091361629642722,0.3908638370357278
1,0.3674962268827433,0.6325037731172567
0,0.959149265033644,0.0408507349663559
0,0.9864060392651944,0.0135939607348054
1,0.4787080806370203,0.5212919193629797
0,0.9517380997097168,0.0482619002902832
0,0.8418273114348778,0.1581726885651222
0,0.9999941035095352,5.896490464688483e-06
1,0.2873226450206972,0.7126773549793027
0,0.628564986867627,0.371435013132373
1,0.5000690041996467,0.4999309958003533
1,0.2590771140557859,0.7409228859442141
0,0.6045938379040581,0.3954061620959418
0,0.9337666906509304,0.0662333093490696
0,0.8413399612775404,0.1586600387224595
0,0.8735365444012011,0.1264634555987989
0,0.7540224504390878,0.2459775495609122
0,0.9784326021860243,0.0215673978139757
0,0.9628773666125932,0.0371226333874067
0,0.8028269710919944,0.1971730289080055
1,0.2772180761695728,0.7227819238304272
0,0.7748269579158682,0.2251730420841318
1,0.0830077212543581,0.9169922787456418
0,0.747795256816045,0.252204743183955
0,0.7905047859928833,0.2094952140071167
0,0.8798330256989605,0.1201669743010395
0,0.7295156720597387,0.2704843279402614
0,0.9089554258980712,0.0910445741019286
0,0.8649396604286738,0.1350603395713262
1,0.3812649495666189,0.6187350504333811
1,0.4854476742450394,0.5145523257549606
0,0.9242810442745826,0.0757189557254173
0,0.8325204882408552,0.1674795117591447
1,0.058587636211875,0.941412363788125
0,0.8975695763866132,0.1024304236133868
0,0.8268354578917705,0.1731645421082294
0,0.8309591172523121,0.1690408827476878
1,0.3162566153059105,0.6837433846940895
0,0.9278936543344646,0.0721063456655354
0,0.8999956438795358,0.1000043561204642
0,0.8758324567876185,0.1241675432123815
1,0.3952439926784115,0.6047560073215885
0,0.8022314183482546,0.1977685816517453
0,0.6995495977976405,0.3004504022023596
1,0.5164839598078901,0.4835160401921099
0,0.7766654668503898,0.2233345331496102
0,0.6109406077458892,0.3890593922541108
0,0.9134418259268792,0.0865581740731209
0,0.9233388652364684,0.0766611347635316
0,0.9274482438762226,0.0725517561237773
1,0.5236762672752684,0.4763237327247316
0,0.5979567219813198,0.4020432780186803
0,0.9617894320135852,0.0382105679864148
0,0.8479435683317316,0.1520564316682684
0,0.6794065574825338,0.3205934425174662
0,0.8722917943060466,0.1277082056939533
0,0.9140332271100804,0.0859667728899197
1,0.1953228060861677,0.8046771939138323
0,0.903330260326275,0.0966697396737251
0,0.7163773556903823,0.2836226443096176
0,0.9546382653624864,0.0453617346375136
0,0.9583683334133706,0.0416316665866294
0,0.9850870865883392,0.0149129134116609
0,0.7480720618913839,0.2519279381086162
0,0.9303432870059842,0.0696567129940157
1,0.2368836112884665,0.7631163887115334
0,0.7877164106080271,0.2122835893919729
0,0.9086838541318608,0.0913161458681392
0,0.760307328056015,0.239692671943985
1,0.1125834684656297,0.8874165315343703
0,0.9459997086739356,0.0540002913260644
1,0.3379521965168872,0.6620478034831128
0,0.9289433224949888,0.0710566775050112
0,0.977432552653108,0.0225674473468918
0,0.6203081197686193,0.3796918802313807
0,0.8318972667782882,0.1681027332217117
1,0.3984914466555401,0.6015085533444599
0,0.8759214838664292,0.1240785161335708
0,0.7603873273348176,0.2396126726651824
1,0.4395996102832238,0.5604003897167762
1,0.4832514852023385,0.5167485147976615
1,0.1247533983287711,0.8752466016712288
0,0.6546760996728834,0.3453239003271166
0,0.8728790099394024,0.1271209900605976
0,0.6595926664674227,0.3404073335325773
0,0.9481925378358692,0.0518074621641308
1,0.5231273996103402,0.4768726003896598
1,0.0564254825578219,0.943574517442178
0,0.776260875023226,0.2237391249767739
1,0.4596005417766712,0.5403994582233288
0,0.7510078506505813,0.2489921493494187
0,0.7802780216974413,0.2197219783025586
1,0.1895139508050192,0.8104860491949808
0,0.5572063118578453,0.4427936881421547
1,0.198726801960468,0.801273198039532
0,0.8109780772361689,0.1890219227638311
0,0.9622857335604728,0.0377142664395272
0,0.5783589194242569,0.421641080575743
1,0.3766555553119936,0.6233444446880064
1,0.4470194088288427,0.5529805911711573
1,0.2547602981997661,0.7452397018002339
0,0.805228482290929,0.1947715177090709
0,0.889554755652903,0.110445244347097
1,0.1740649610202654,0.8259350389797345
1,0.2644402668913245,0.7355597331086755
1,0.2550926798192694,0.7449073201807306
1,0.1519697267120764,0.8480302732879236
0,0.8725700218159685,0.1274299781840314
0,0.8775779011159133,0.1224220988840867
0,0.9626436603853864,0.0373563396146135
0,0.589405037928717,0.410594962071283
0,0.9746554849938184,0.0253445150061814
1,0.1626313974898359,0.8373686025101641
1,0.3160365300700286,0.6839634699299714
0,0.7066638825129345,0.2933361174870654
0,0.5459696896633364,0.4540303103366636
0,0.9821842816926664,0.0178157183073336
1,0.1861867516886404,0.8138132483113596
1,0.3722843638760679,0.6277156361239321
0,0.9349973009607816,0.0650026990392184
0,0.9317260240738938,0.0682739759261061
1,0.2673475665245012,0.7326524334754988
1,0.2956832706848542,0.7043167293151458
1,0.2564577072550484,0.7435422927449515
0,0.5882397609292888,0.4117602390707112
0,0.9579092877343136,0.0420907122656865
1,0.1942328809185746,0.8057671190814254
0,0.8030096364142723,0.1969903635857278
0,0.9999694678870136,3.0532112986394924e-05
1,0.2574160207107148,0.7425839792892852
0,0.8029118191027173,0.1970881808972827
0,0.9245890735102462,0.0754109264897537
0,0.8534013959163822,0.1465986040836177
0,0.96630791097664,0.0336920890233601
0,0.788012439728506,0.211987560271494
0,0.8065539256754632,0.1934460743245367
0,0.775021121825432,0.224978878174568
1,0.0430593124116496,0.9569406875883504
0,0.5707450619425185,0.4292549380574815
0,0.8779730642918067,0.1220269357081933
1,0.4868254423597102,0.5131745576402897
0,0.6970026734485286,0.3029973265514713
0,0.924476200408668,0.0755237995913319
0,0.8153910313785904,0.1846089686214096
0,0.9187091391599326,0.0812908608400674
0,0.8420315408036675,0.1579684591963325
0,0.8149652320784625,0.1850347679215374
0,0.7894644807332551,0.2105355192667449
0,0.7487164869180889,0.2512835130819111
0,0.634837370565999,0.365162629434001
0,0.6910313037150871,0.3089686962849128
0,0.9024535952429976,0.0975464047570022
0,0.6131568747158282,0.3868431252841717
0,0.9809175911705618,0.0190824088294382
0,0.7296676003989849,0.270332399601015
0,0.8745594755228243,0.1254405244771757
1,0.0584145877060818,0.941585412293918
0,0.6755561027765007,0.3244438972234992
0,0.9246887766456412,0.0753112233543588
0,0.9233153222317404,0.0766846777682594
1,0.2219469173784208,0.7780530826215791
1,0.500846711840587,0.4991532881594129
0,0.7360268785435498,0.2639731214564503
0,0.9203834138224466,0.0796165861775534
0,0.9999463012118084,5.3698788191779646e-05
0,0.7941877517253939,0.2058122482746061
0,0.854858904692746,0.145141095307254
0,0.5789816489138769,0.421018351086123
1,0.2233395750493282,0.7766604249506718
0,0.684620799109027,0.3153792008909731
0,0.936386379980616,0.063613620019384
1,0.2584397173018333,0.7415602826981667
0,0.9489160444162276,0.0510839555837726
0,0.872161257147363,0.127838742852637
0,0.8506272185978522,0.1493727814021478
0,0.9147511396804257,0.0852488603195744
1,0.2919658267677288,0.7080341732322711
0,0.9753975421091766,0.0246024578908233
0,0.7765849641885161,0.2234150358114839
1,0.4114571257003592,0.5885428742996408
0,0.9291773290990673,0.0708226709009327
0,0.5649275149414263,0.4350724850585737
0,0.8214247738012868,0.1785752261987132
0,0.918205857851972,0.0817941421480279
1,0.1937507969835796,0.8062492030164203
0,0.7985088903857182,0.2014911096142818
0,0.9734271462789847,0.0265728537210151
0,0.6205016722292931,0.3794983277707069
0,0.9029757386426124,0.0970242613573876
1,0.0906236984228795,0.9093763015771203
0,0.8427194377522201,0.1572805622477799
0,0.947688092807818,0.0523119071921819
1,0.5171970194577993,0.4828029805422008
0,0.9400973592479684,0.0599026407520317
0,0.9280425048960996,0.0719574951039002
0,0.5974496689211359,0.402550331078864
0,0.947543399037624,0.0524566009623759
1,0.1950098400825975,0.8049901599174024
0,0.7968053902846071,0.2031946097153929
0,0.8763079205219897,0.1236920794780103
0,0.8686726215242712,0.1313273784757288
0,0.6962938421937583,0.3037061578062416
0,0.8305000428895639,0.169499957110436
1,0.1745217677097187,0.8254782322902813
1,0.1172916360469397,0.8827083639530603
0,0.9132139492397116,0.0867860507602883
1,0.2283551026780529,0.7716448973219471
0,0.9370389460445652,0.0629610539554349
0,0.892159967163005,0.1078400328369949
0,0.9437493256108286,0.0562506743891714
0,0.7085707048887013,0.2914292951112987
0,0.9587624732123634,0.0412375267876366
0,0.6571262481614824,0.3428737518385176
0,0.8636200443710504,0.1363799556289495
0,0.8338106373297354,0.1661893626702646
0,0.8974031203814945,0.1025968796185055
0,0.9538147876068062,0.0461852123931938
0,0.789352893890252,0.210647106109748
0,0.989316173555809,0.0106838264441909
0,0.7331213578018271,0.2668786421981729
1,0.1148356870536648,0.8851643129463351
0,0.7293432408989801,0.2706567591010199
0,0.9527022017879466,0.0472977982120533
0,0.9875481083558494,0.0124518916441506
1,0.3053945450895818,0.6946054549104181
1,0.5194191457587107,0.4805808542412893
1,0.0736941301213616,0.9263058698786384
1,0.4338577546198633,0.5661422453801367
0,0.5565871874522568,0.4434128125477432
1,0.0860738651876873,0.9139261348123128
0,0.5988230402820098,0.4011769597179901
0,0.969326535093405,0.0306734649065949
0,0.949080953308141,0.0509190466918589
1,0.0270930456575695,0.9729069543424304
1,0.4494874957885579,0.550512504211442
0,0.9628343810303784,0.0371656189696214
1,0.163855712463576,0.836144287536424
0,0.7406289902529344,0.2593710097470656
0,0.9249999218552016,0.0750000781447982
0,0.6801147275291848,0.3198852724708152
0,0.9609934468555132,0.0390065531444868
1,0.054000928035126,0.945999071964874
1,0.0761147592129407,0.9238852407870592
0,0.8465446590162495,0.1534553409837504
0,0.7954104408351562,0.2045895591648438
0,0.960535527302368,0.0394644726976319
0,0.5542863179185624,0.4457136820814376
1,0.4802420436887128,0.5197579563112872
0,0.7015555371656643,0.2984444628343357
0,0.5587277297331734,0.4412722702668265
0,0.7668234162462856,0.2331765837537144
0,0.6611973753617588,0.3388026246382411
0,0.6921910348487044,0.3078089651512956
0,0.7098682976351034,0.2901317023648966
0,0.9383357803296658,0.0616642196703341
0,0.9997616415060144,0.0002383584939856692
1,0.3712325136088255,0.6287674863911745
0,0.7174476094119662,0.2825523905880338
0,0.7376487726747618,0.2623512273252381
0,0.7002974201936741,0.2997025798063258
0,0.5791105521287991,0.4208894478712008
0,0.9161888457760288,0.0838111542239712
0,0.8202229045711523,0.1797770954288477
1,0.2689858190066978,0.7310141809933022
0,0.803567325207357,0.196432674792643
1,0.0855911923012245,0.9144088076987754
0,0.8225074871528604,0.1774925128471396
0,0.6482914645402894,0.3517085354597106
0,0.8694147324386077,0.1305852675613923
0,0.8637741786643909,0.1362258213356091
0,0.8967964851449403,0.1032035148550597
0,0.8356607746653909,0.1643392253346091
0,0.6438578419990819,0.3561421580009181
0,0.892020533697637,0.1079794663023629
1,0.5047442461675697,0.4952557538324302
0,0.6524792770636262,0.3475207229363738
0,0.9249048887653916,0.0750951112346085
1,0.003599113350448,0.996400886649552
1,0.1996748919294431,0.8003251080705569
0,0.6047311638596065,0.3952688361403936
1,0.4715199277175655,0.5284800722824344
1,0.3006614278288945,0.6993385721711055
0,0.8478794976089971,0.1521205023910029
0,0.9219721694548062,0.0780278305451938
0,0.6656243005321726,0.3343756994678274
0,0.853691522620212,0.1463084773797879
1,0.1883644612256587,0.8116355387743412
0,0.5464602080231886,0.4535397919768113
0,0.9484098125297028,0.0515901874702973
0,0.7787212437910538,0.2212787562089462
0,0.7488762496316365,0.2511237503683635
0,0.6558435011674234,0.3441564988325766
1,0.0133478979134604,0.9866521020865396
1,0.3717738662026686,0.6282261337973314
0,0.7881838910028031,0.2118161089971969
0,0.9321025606902108,0.0678974393097893
0,0.5352121832548977,0.4647878167451023
0,0.766071011248806,0.2339289887511939
0,0.9499369149002928,0.0500630850997072
1,0.1816734593564108,0.8183265406435891
0,0.9802173213211932,0.0197826786788067
1,0.2463830223159011,0.7536169776840989
0,0.8225724742289079,0.1774275257710921
0,0.9785423510071544,0.0214576489928456
0,0.9999746361090156,2.5363890984341717e-05
1,0.3284213833823796,0.6715786166176204
0,0.5473272932076664,0.4526727067923336
0,0.9093149765592408,0.0906850234407593
0,0.6069484282970237,0.3930515717029763
0,0.729654103178421,0.2703458968215789
0,0.7589275920806844,0.2410724079193155
0,0.8768060753009234,0.1231939246990766
1,0.1504516509359059,0.849548349064094
0,0.5741622660610193,0.4258377339389808
1,0.2199004757843705,0.7800995242156294
0,0.6763126005792142,0.3236873994207858
1,0.0718852627158935,0.9281147372841064
1,0.1503423017623365,0.8496576982376635
0,0.9168061011231246,0.0831938988768754
0,0.6147575989875294,0.3852424010124706
0,0.8187416452827436,0.1812583547172564
1,0.3170174149206727,0.6829825850793273
0,0.957232601502894,0.0427673984971059
0,0.6889088001978931,0.3110911998021068
0,0.7163164625750684,0.2836835374249315
0,0.7194991627350329,0.2805008372649671
0,0.9114489830398232,0.0885510169601768
1,0.1233827801570917,0.8766172198429083
0,0.7633320210772319,0.2366679789227681
1,0.2177763768528238,0.7822236231471762
0,0.7656014379484577,0.2343985620515423
0,0.7937357217439174,0.2062642782560825
0,0.8772577132622182,0.1227422867377817
0,0.7019051615636951,0.2980948384363048
0,0.7461325546263482,0.2538674453736517
0,0.9316926673895284,0.0683073326104714
0,0.913211436983768,0.086788563016232
0,0.8226498749338724,0.1773501250661276
1,0.3883079928965587,0.6116920071034413
1,0.4252200327654394,0.5747799672345606
0,0.7684557692815825,0.2315442307184174
0,0.9244393013465032,0.0755606986534967
1,0.361521448558242,0.638478551441758
0,0.815810978117164,0.184189021882836
1,0.2440509539219282,0.7559490460780718
0,0.8749011717229144,0.1250988282770856
0,0.9712939981217924,0.0287060018782074
0,0.7633527934591939,0.236647206540806
0,0.8378026530734743,0.1621973469265256
0,0.8760573609785605,0.1239426390214395
0,0.7200970395536741,0.2799029604463259
0,0.8109288599765311,0.1890711400234689
0,0.8426795822843314,0.1573204177156686
1,0.2913614635058097,0.7086385364941903
1,0.479936876288867,0.520063123711133
0,0.957357874905449,0.042642125094551
0,0.930846548893174,0.0691534511068259
1,0.237222123683685,0.762777876316315
1,0.09755162684482,0.90244837315518
0,0.8009187918930671,0.1990812081069328
0,0.7760593551948776,0.2239406448051223
0,0.6486391698859882,0.3513608301140117
0,0.8787307719616675,0.1212692280383325
1,0.2388804110141,0.7611195889858999
1,0.0739806834168532,0.9260193165831468
0,0.7435321028178461,0.2564678971821539
0,0.950669519972061,0.049330480027939
0,0.9999106946694494,8.930533055065266e-05
0,0.8883887664010862,0.1116112335989137
0,0.612413237145772,0.387586762854228
0,0.9092614067464172,0.0907385932535828
0,0.684003430665212,0.315996569334788
0,0.9757839796080172,0.0242160203919828
0,0.9617527426800568,0.0382472573199432
0,0.6294999364419203,0.3705000635580797
0,0.8655473411153636,0.1344526588846364
0,0.8776508605380862,0.1223491394619138
0,0.9417826979113292,0.0582173020886707
1,0.415192732640551,0.584807267359449
0,0.8422048057464876,0.1577951942535123
0,0.6949118566312598,0.3050881433687402
1,0.5030429957844407,0.4969570042155594
0,0.8016302331975721,0.1983697668024279
0,0.9309343685838486,0.0690656314161513
1,0.351308292752749,0.648691707247251
0,0.7706947565874631,0.2293052434125368
1,0.5213108781639367,0.4786891218360632
0,0.9463826069934972,0.0536173930065029
0,0.9569278645863608,0.0430721354136392
0,0.5689605657871531,0.4310394342128468
1,3.064553380505153e-06,0.9999969354466196
0,0.9998792460143606,0.00012075398563941896
0,0.9372450626249604,0.0627549373750396
0,0.906165056106016,0.0938349438939839
0,0.5570660529298199,0.4429339470701801
0,0.7688215631045956,0.2311784368954044
0,0.9267675208456456,0.0732324791543542
1,0.3854611998792733,0.6145388001207267
1,0.2140980088673334,0.7859019911326666
0,0.9524710844722312,0.0475289155277687
0,0.8663117965606919,0.1336882034393081
0,0.9204981746121388,0.0795018253878611
0,0.6772247722713023,0.3227752277286977
0,0.7903886258013648,0.2096113741986351
1,0.5029680711856945,0.4970319288143054
1,0.2258541839785572,0.7741458160214427
0,0.985620233648127,0.0143797663518729
0,0.7575083785977452,0.2424916214022548
0,0.8197227485106311,0.1802772514893688
0,0.583241535983566,0.416758464016434
1,0.1778157642539742,0.8221842357460257
1,0.2766862991741261,0.7233137008258739
1,0.2376737750812018,0.7623262249187982
0,0.8610441612103198,0.1389558387896801
1,0.4294632146424825,0.5705367853575175
0,0.7942217777735912,0.2057782222264089
0,0.5478867534147634,0.4521132465852365
0,0.5437336959613067,0.4562663040386933
1,0.0877246310240306,0.9122753689759694
0,0.9644348805975118,0.0355651194024881
0,0.7241131944369874,0.2758868055630126
0,0.9772784244958636,0.0227215755041363
1,0.3168920410541022,0.6831079589458978
0,0.7874088027352455,0.2125911972647544
1,0.3477206708799859,0.6522793291200141
0,0.9156764027389562,0.0843235972610437
0,0.8737406935039982,0.1262593064960018
0,0.8146679935801888,0.1853320064198112
0,0.9726172226158016,0.0273827773841983
0,0.9358435734938032,0.0641564265061968
0,0.7132943394999088,0.2867056605000911
0,0.9773170283929544,0.0226829716070455
0,0.9194260699768236,0.0805739300231763
0,0.9095705396448484,0.0904294603551517
0,0.8768047345980383,0.1231952654019617
0,0.9073529347837076,0.0926470652162925
0,0.8206493604529101,0.1793506395470898
1,0.3225229164484687,0.6774770835515312
0,0.8490921422746752,0.1509078577253248
0,0.694125198771534,0.3058748012284659
1,0.5203177915692467,0.4796822084307533
1,0.4851516927880748,0.5148483072119252
0,0.8959047895152965,0.1040952104847035
0,0.941405995343616,0.058594004656384
0,0.5708293705417937,0.4291706294582063
0,0.8925714409313373,0.1074285590686626
0,0.7910583732193072,0.2089416267806928
0,0.94147238031949,0.05852761968051
1,0.2765233047128892,0.7234766952871108
1,0.2512000446434186,0.7487999553565814
1,0.1699358775638778,0.8300641224361222
1,0.0998160306870503,0.9001839693129496
1,0.494620174861788,0.505379825138212
0,0.904685202938192,0.0953147970618079
0,0.8546307175513833,0.1453692824486167
0,0.8122003194908585,0.1877996805091415
0,0.9324893748914443,0.0675106251085555
0,0.6749544919764319,0.3250455080235681
1,0.2770407620292169,0.7229592379707831
0,0.8925223792879458,0.1074776207120542
0,0.9546764939913304,0.0453235060086697
0,0.5551275439586592,0.4448724560413408
0,0.7506544451723912,0.2493455548276088
0,0.8854144226536212,0.1145855773463787
1,0.2336589184881421,0.7663410815118579
1,0.3250126363994486,0.6749873636005513
1,0.311099460615336,0.688900539384664
0,0.6554991188312519,0.3445008811687481
0,0.8983518154758916,0.1016481845241083
0,0.9207380292145192,0.0792619707854809
0,0.9280768206419792,0.0719231793580207
0,0.7874168630127967,0.2125831369872033
0,0.7866921475026155,0.2133078524973845
0,0.916267001919608,0.0837329980803918
1,0.5060985982200804,0.4939014017799196
0,0.7716772092670003,0.2283227907329997
1,0.0786876282865454,0.9213123717134546
0,0.7661424582048328,0.2338575417951671
0,0.8666009669728783,0.1333990330271217
1,0.5178044098257986,0.4821955901742014
1,0.4072029788308231,0.5927970211691769
0,0.8868889910014783,0.1131110089985217
1,0.3646734077948927,0.6353265922051072
0,0.7468999774241596,0.2531000225758404
0,0.9418838310588968,0.0581161689411031
1,0.4089294028744095,0.5910705971255905
0,0.8533834305357408,0.1466165694642591
0,0.9542697982455568,0.045730201754443
0,0.9332661070280944,0.0667338929719055
0,0.9710636170207108,0.0289363829792892
1,2.9703988158047423e-09,0.9999999970296012
0,0.688275388885768,0.3117246111142319
1,0.3457525405509454,0.6542474594490546
0,0.901853205167209,0.0981467948327909
0,0.7454592970859264,0.2545407029140736
0,0.9629754536005593,0.0370245463994407
1,0.1751420131619034,0.8248579868380965
0,0.5305682103707318,0.4694317896292682
0,0.6490113673068953,0.3509886326931046
0,0.8573806911165224,0.1426193088834776
0,0.9967268202782076,0.0032731797217924
0,0.6588947966638341,0.3411052033361658
0,0.8603640230868894,0.1396359769131105
0,0.912172227065684,0.087827772934316
0,0.6263331292257738,0.3736668707742262
1,0.3890372006870012,0.6109627993129988
0,0.7909201445407189,0.209079855459281
0,0.9870053835963996,0.0129946164036003
0,0.9011555650748896,0.0988444349251103
0,0.5441337329641567,0.4558662670358432
1,0.2554109224858883,0.7445890775141116
1,0.2354424500887816,0.7645575499112184
0,0.9388221860035024,0.0611778139964975
0,0.9015217867468722,0.0984782132531277
1,0.3138401088634792,0.6861598911365208
0,0.7549203389042165,0.2450796610957834
0,0.9606055598224894,0.0393944401775105
0,0.887395214976006,0.1126047850239939
0,0.7126662353195456,0.2873337646804544
1,0.3086601339141718,0.6913398660858282
0,0.7664870527343239,0.233512947265676
0,0.9427210905792732,0.0572789094207267
1,0.2101439588226837,0.7898560411773162
0,0.9577527643815276,0.0422472356184724
0,0.9016153053883214,0.0983846946116786
0,0.6109434371811784,0.3890565628188216
0,0.863729571937697,0.136270428062303
1,0.166789231510341,0.8332107684896589
0,0.8850243342475458,0.1149756657524541
0,0.8737924030847812,0.1262075969152187
0,0.999971947020782,2.8052979217931287e-05
0,0.9313070642133556,0.0686929357866444
0,0.797193570873553,0.2028064291264469
0,0.5959004753994869,0.4040995246005131
0,0.9774132064995216,0.0225867935004784
0,0.776260875023226,0.2237391249767739
1,0.0272530543346531,0.9727469456653468
1,0.0769490991470175,0.9230509008529824
0,0.903170757693949,0.096829242306051
1,0.4940208741653396,0.5059791258346604
1,0.1277144819810236,0.8722855180189764
0,0.8141090596217049,0.1858909403782951
0,0.927347099443893,0.0726529005561069
0,0.8951465855138603,0.1048534144861397
0,0.954229924213326,0.045770075786674
0,0.7314882142357326,0.2685117857642674
1,0.3545340373604015,0.6454659626395984
1,0.4192663158220824,0.5807336841779176
0,0.758954103467316,0.241045896532684
1,0.1225464397891743,0.8774535602108257
0,0.6663019936475998,0.3336980063524001
0,0.9813646809466192,0.0186353190533806
0,0.5299360558923527,0.4700639441076472
0,0.6450371550677478,0.3549628449322521
0,0.9999924307331144,7.569266885759576e-06
0,0.7975620717009035,0.2024379282990965
0,0.9695340799755604,0.0304659200244396
1,0.358138426497157,0.641861573502843
1,0.3452832844578201,0.6547167155421799
0,0.945605553648594,0.0543944463514058
0,0.964434265624436,0.0355657343755638
0,0.7169913565936041,0.2830086434063959
1,0.2540298473248167,0.7459701526751833
1,0.5143049588339144,0.4856950411660856
0,0.9131493958304598,0.0868506041695401
0,0.9250800247116464,0.0749199752883534
0,0.6479490983106255,0.3520509016893745
1,0.2089004648760373,0.7910995351239627
0,0.882110813402606,0.117889186597394
0,0.7195105729695443,0.2804894270304557
1,0.3123728225992963,0.6876271774007037
1,0.1382235004694508,0.8617764995305491
0,0.7420996410776948,0.2579003589223053
0,0.8775927205061651,0.1224072794938348
0,0.7825472682396309,0.217452731760369
0,0.9809438550333968,0.0190561449666031
0,0.8573539008927604,0.1426460991072396
1,0.1488420821033726,0.8511579178966273
1,0.3743304146196576,0.6256695853803423
0,0.5970771730385456,0.4029228269614544
0,0.7489869260295484,0.2510130739704516
0,0.93506330290461,0.0649366970953899
0,0.7528720578410055,0.2471279421589944
0,0.6096270566352859,0.3903729433647141
0,0.6864097343849422,0.3135902656150577
0,0.7510693165284651,0.2489306834715348
0,0.872009126463479,0.127990873536521
0,0.8684619280723886,0.1315380719276113
1,0.0910484434882565,0.9089515565117434
0,0.7924578088194237,0.2075421911805763
0,0.9715064326245588,0.028493567375441
0,0.5683900111285757,0.4316099888714243
0,0.9606767569774728,0.0393232430225271
0,0.9259112754907888,0.0740887245092112
1,0.313325648322828,0.686674351677172
0,0.7704675646626216,0.2295324353373785
0,0.9892930034340096,0.0107069965659904
1,0.1265853813012658,0.8734146186987342
0,0.8935549335303737,0.1064450664696262
0,0.7833572380034688,0.2166427619965311
1,0.1949916280941157,0.8050083719058843
1,0.4541879824242827,0.5458120175757173
0,0.8739009016974583,0.1260990983025417
0,0.7805789118193083,0.2194210881806917
0,0.9359661418907784,0.0640338581092217
0,0.9866936438690072,0.0133063561309928
0,0.8714049846082539,0.128595015391746
0,0.8063843979314574,0.1936156020685425
1,0.3197983370713684,0.6802016629286316
1,0.2946552278873968,0.7053447721126032
0,0.9537054856907357,0.0462945143092643
0,0.7595940632346223,0.2404059367653777
0,0.9028960792836208,0.0971039207163791
0,0.93965123717403,0.0603487628259699
0,0.5740914656871777,0.4259085343128223
0,0.943771489446827,0.0562285105531729
0,0.8960192192450996,0.1039807807549004
0,0.8774061657091801,0.1225938342908199
1,0.2833896170253248,0.7166103829746752
1,0.4947192539200058,0.5052807460799942
0,0.9240319485936014,0.0759680514063985
1,0.3503618909963929,0.6496381090036071
0,0.8218211689183199,0.1781788310816801
0,0.7402086632579967,0.2597913367420033
0,0.9089539648588628,0.091046035141137
0,0.8106889972163995,0.1893110027836004
1,0.1862155005262428,0.8137844994737572
0,0.9880919204290668,0.0119080795709331
1,0.2902505530966108,0.7097494469033891
1,0.0252302471259255,0.9747697528740744
0,0.968963455236022,0.0310365447639779
0,0.8201049829706234,0.1798950170293766
1,0.2695707837255083,0.7304292162744916
0,0.9472016148123829,0.0527983851876172
0,0.8374846008399446,0.1625153991600553
0,0.63830493180304,0.36169506819696
0,0.8092217051272983,0.1907782948727017
0,0.8195812031009524,0.1804187968990476
0,0.815054157233108,0.184945842766892
0,0.9146213000395804,0.0853786999604195
0,0.95879363025379,0.04120636974621
0,0.8178002684405498,0.1821997315594502
0,0.9005153209208074,0.0994846790791925
0,0.6696745755023339,0.3303254244976661
0,0.7346131901602062,0.2653868098397938
0,0.9226809082140964,0.0773190917859035
1,0.1109712415771356,0.8890287584228643
1,0.0547611695290229,0.945238830470977
0,0.5968810003917939,0.4031189996082061
0,0.6622885493493822,0.3377114506506178
0,0.6027773523459514,0.3972226476540485
0,0.9698336893130428,0.0301663106869572
1,0.3270778896141036,0.6729221103858963
0,0.811594451167406,0.1884055488325939
0,0.8933848871374807,0.1066151128625193
1,0.3278842194844794,0.6721157805155206
1,0.3096098940827477,0.6903901059172523
1,0.1948079685269785,0.8051920314730214
0,0.9546778775142328,0.0453221224857672
0,0.7066884666639512,0.2933115333360487
0,0.9999289205232946,7.107947670539033e-05
0,0.8372570790301649,0.1627429209698351
1,0.2275465516691914,0.7724534483308085
0,0.965319218086992,0.034680781913008
0,0.8641346970833306,0.1358653029166693
0,0.8746084909480949,0.125391509051905
1,0.292626116835386,0.707373883164614
0,0.8988969963358441,0.1011030036641558
1,0.3005600514052235,0.6994399485947764
0,0.6539671727261791,0.3460328272738209
0,0.9080749523093018,0.0919250476906982
0,0.8333953241955002,0.1666046758044997
0,0.943700437440289,0.056299562559711
0,0.925345303217782,0.0746546967822179
0,0.596642860366585,0.4033571396334149
0,0.8609094373298227,0.1390905626701773
1,0.0727526179072446,0.9272473820927554
0,0.9544494541809616,0.0455505458190385
0,0.9169385560540882,0.0830614439459117
0,0.6357303473365805,0.3642696526634194
0,0.7594845075491099,0.24051549245089
0,0.8444563288515742,0.1555436711484258
0,0.7859030362385913,0.2140969637614088
1,0.1842201312399354,0.8157798687600646
0,0.7925108262342703,0.2074891737657297
0,0.6982817475684642,0.3017182524315358
0,0.7616037195530161,0.2383962804469838
0,0.9904838316764124,0.0095161683235875
1,0.4384196063677971,0.5615803936322029
0,0.8931491696613554,0.1068508303386446
0,0.924703054076124,0.0752969459238761
0,0.9391220065905264,0.0608779934094734
0,0.6531923603376062,0.3468076396623938
0,0.8517728305050316,0.1482271694949684
0,0.7258697691282727,0.2741302308717272
0,0.6901459099550684,0.3098540900449316
1,0.3139944432392089,0.6860055567607911
0,0.931222778177681,0.068777221822319
0,0.5414219768247213,0.4585780231752787
0,0.6680334282690846,0.3319665717309153
0,0.7737344994393668,0.2262655005606332
0,0.8956824945221153,0.1043175054778846
0,0.9700208258411392,0.0299791741588608
1,0.0769129464057859,0.923087053594214
0,0.9895651839293672,0.0104348160706327
1,0.1268367324564123,0.8731632675435876
0,0.8165083827991699,0.1834916172008301
0,0.8507330890990291,0.1492669109009709
0,0.8463166931047698,0.1536833068952302
1,0.0333911786738054,0.9666088213261944
1,0.3868231745505573,0.6131768254494426
1,0.2660103145999748,0.7339896854000252
0,0.8834547365431448,0.1165452634568552
1,0.1992467433068443,0.8007532566931557
1,0.0190882845430204,0.9809117154569796
0,0.826885252083594,0.173114747916406
1,0.526421668633465,0.473578331366535
0,0.9231082425053604,0.0768917574946397
1,0.2662899244208058,0.7337100755791942
0,0.8832879942053127,0.1167120057946873
1,0.0507157888320356,0.9492842111679644
0,0.9718189416326396,0.0281810583673604
0,0.7210743259475176,0.2789256740524823
0,0.956384965189306,0.0436150348106939
1,0.2049792190694099,0.79502078093059
0,0.7677985782684692,0.2322014217315308
0,0.8025259559010549,0.1974740440989451
0,0.7969789598769953,0.2030210401230047
0,0.9676419026899706,0.0323580973100294
0,0.8873557108499694,0.1126442891500305
1,0.4159576281114825,0.5840423718885175
0,0.9443440762274036,0.0556559237725965
0,0.7511679618993957,0.2488320381006043
0,0.9451997145311218,0.0548002854688781
1,0.4997766008808293,0.5002233991191707
0,0.6021321183216918,0.3978678816783082
1,0.5225678053158448,0.4774321946841552
0,0.5575795108393294,0.4424204891606705
0,0.7009336598473681,0.2990663401526319
0,0.6384860862409065,0.3615139137590935
0,0.7258558574977121,0.2741441425022879
1,0.4856128851006793,0.5143871148993207
0,0.6080267631787517,0.3919732368212483
0,0.8311602665156352,0.1688397334843647
0,0.921814347635168,0.078185652364832
0,0.837806580091744,0.1621934199082559
0,0.917278322560466,0.0827216774395339
1,0.0957684036146757,0.9042315963853242
0,0.9903976910058672,0.0096023089941327
0,0.942444106653764,0.0575558933462359
0,0.8465567106121209,0.153443289387879
0,0.9627737177638797,0.0372262822361204
0,0.8117870078165021,0.1882129921834979
0,0.9546780583796618,0.0453219416203382
0,0.6041399548025694,0.3958600451974306
1,0.1736831644840217,0.8263168355159782
0,0.9480728817696666,0.0519271182303333
0,0.6912248019718821,0.308775198028118
0,0.9743757493442092,0.0256242506557909
0,0.9416366156112858,0.0583633843887142
0,0.9414691975655588,0.0585308024344411
0,0.9351994919195178,0.0648005080804822
1,0.1326942799773401,0.8673057200226598
0,0.6261809580642383,0.3738190419357616
1,0.0828397106114791,0.9171602893885208
0,0.7664102365555499,0.2335897634444501
0,0.8528961010710121,0.1471038989289878
0,0.9816116616737908,0.0183883383262092
0,0.8672702639232174,0.1327297360767826
0,0.8986715295359863,0.1013284704640136
1,0.4462142457574753,0.5537857542425246
1,0.2254156236369424,0.7745843763630575
0,0.9296981690460276,0.0703018309539724
0,0.7018027664848643,0.2981972335151358
0,0.9442432579414072,0.0557567420585929
0,0.917323136242946,0.0826768637570538
0,0.8173638069185538,0.1826361930814461
0,0.9513821228578568,0.0486178771421432
1,0.2111575671310548,0.7888424328689452
0,0.966264101634039,0.033735898365961
0,0.8386326068385529,0.1613673931614471
0,0.7551884476136265,0.2448115523863735
0,0.9272274940428183,0.0727725059571815
0,0.9177253210916642,0.0822746789083358
0,0.5647466211750327,0.4352533788249673
0,0.7255207626327805,0.2744792373672194
0,0.6547423238744468,0.3452576761255533
0,0.8658843430411487,0.1341156569588512
0,0.9773154716541064,0.0226845283458937
0,0.5691329037347969,0.4308670962652031
0,0.8675011856018662,0.1324988143981338
0,0.9646266581620404,0.0353733418379594
0,0.7651273619866732,0.2348726380133268
0,0.8101634892737523,0.1898365107262477
0,0.9548748806726136,0.0451251193273863
0,0.973012146418678,0.0269878535813219
0,0.9019193833703792,0.0980806166296207
0,0.9270419969783646,0.0729580030216353
0,0.9748218117759074,0.0251781882240925
0,0.8522734552127635,0.1477265447872364
0,0.9331959386495188,0.0668040613504811
0,0.8180100856405251,0.1819899143594748
1,0.071173036973014,0.928826963026986
0,0.8362776970721058,0.1637223029278943
0,0.945079589810946,0.054920410189054
0,0.9244787012759996,0.0755212987240002
0,0.5924481785393518,0.4075518214606481
0,0.8627901133111173,0.1372098866888827
0,0.8614026177456708,0.1385973822543292
0,0.8083357321103829,0.191664267889617
1,0.1614606506265108,0.8385393493734892
0,0.7920057671786835,0.2079942328213164
0,0.6009761413282377,0.3990238586717622
0,0.7974720481833253,0.2025279518166747
0,0.8121350450765734,0.1878649549234266
1,0.3663718549805298,0.6336281450194702
0,0.8437134667934897,0.1562865332065103
0,0.6169680117340264,0.3830319882659736
0,0.9042472528202868,0.0957527471797132
0,0.951715466457654,0.0482845335423459
1,0.0512735099598236,0.9487264900401764
1,0.2121282650893349,0.7878717349106651
0,0.9744769403242106,0.0255230596757893
0,0.7574136840316065,0.2425863159683935
0,0.7653258641586561,0.2346741358413439
0,0.924147504934907,0.0758524950650929
0,0.9819094194836984,0.0180905805163017
0,0.6815083313762578,0.3184916686237422
1,0.1856141788090488,0.8143858211909512
1,0.5168962528483195,0.4831037471516805
0,0.7928127208733579,0.2071872791266421
1,0.342660073748012,0.657339926251988
0,0.9742514590860692,0.0257485409139308
0,0.616653269888149,0.383346730111851
0,0.95134185581271,0.0486581441872899
1,0.512324708773032,0.4876752912269679
0,0.8704044699284954,0.1295955300715045
1,0.1943963291751641,0.8056036708248359
0,0.8177124752852195,0.1822875247147805
1,0.5097969707312187,0.4902030292687813
1,0.0652751190662167,0.9347248809337833
0,0.8295244149481765,0.1704755850518235
0,0.7224148241785502,0.2775851758214498
0,0.8242185825716023,0.1757814174283976
1,0.063006771319511,0.936993228680489
0,0.9798544771235984,0.0201455228764016
0,0.7723239452688949,0.227676054731105
0,0.7551385339168997,0.2448614660831003
0,0.9492777743035724,0.0507222256964277
0,0.6194359271943821,0.3805640728056179
1,0.1707901129683743,0.8292098870316257
0,0.9158098005489675,0.0841901994510323
1,0.4441240042626921,0.5558759957373078
0,0.8649192158538409,0.1350807841461591
0,0.7314815994667472,0.2685184005332529
0,0.591015987225334,0.408984012774666
1,0.5256677837248336,0.4743322162751663
0,0.6933019614914694,0.3066980385085306
0,0.9812967854640592,0.0187032145359407
0,0.880182779454854,0.119817220545146
1,0.1696059375589672,0.8303940624410328
1,0.0506130988516805,0.9493869011483196
0,0.9617608767362378,0.0382391232637622
1,0.512644551588127,0.4873554484118729
0,0.9439705450179569,0.0560294549820432
0,0.8644102427940397,0.1355897572059603
1,0.392895774676563,0.607104225323437
0,0.9479792861271158,0.0520207138728841
0,0.9999501853082264,4.98146917737079e-05
0,0.9430937203370812,0.0569062796629187
1,0.3245079417474069,0.6754920582525931
1,0.197404834721194,0.8025951652788059
0,0.811899737679763,0.188100262320237
0,0.7642336847139386,0.2357663152860613
0,0.9346380933318482,0.0653619066681517
0,0.8842508231091105,0.1157491768908895
1,0.4645958582998009,0.5354041417001991
1,0.4470194088288427,0.5529805911711573
1,0.512719703677696,0.4872802963223039
1,0.3841442226893347,0.6158557773106653
0,0.8970457374595475,0.1029542625404524
0,0.9604008909069056,0.0395991090930943
1,0.0252593742293404,0.9747406257706596
0,0.9527029821821388,0.0472970178178612
0,0.760975366517559,0.2390246334824409
1,0.2737091601203995,0.7262908398796005
0,0.907410304006451,0.092589695993549
0,0.8257648765785028,0.1742351234214972
0,0.7995323202822117,0.2004676797177883
0,0.7206245806850051,0.2793754193149949
0,0.708156012264547,0.2918439877354529
0,0.9513676437473528,0.048632356252647
0,0.8794743051832111,0.1205256948167889
0,0.6503723500727179,0.3496276499272821
1,0.420777311066454,0.579222688933546
0,0.575985430361595,0.424014569638405
0,0.9803347292895292,0.0196652707104708
0,0.9225786495627596,0.0774213504372404
0,0.8610384749064899,0.1389615250935101
1,0.362841177186763,0.637158822813237
0,0.9167534936857832,0.0832465063142169
0,0.889965804356363,0.110034195643637
0,0.9707422004141322,0.0292577995858678
1,0.4909551466569658,0.5090448533430342
0,0.8881026352701673,0.1118973647298326
0,0.7031978904080634,0.2968021095919367
0,0.72267687797541,0.27732312202459
1,0.1686117135139211,0.8313882864860789
1,0.1972226926938558,0.8027773073061442
0,0.934881521087822,0.0651184789121781
1,0.1593284156102989,0.840671584389701
0,0.9999186007851988,8.139921480129852e-05
0,0.8524094086764756,0.1475905913235244
0,0.8792245691172278,0.1207754308827721
0,0.9146341719621136,0.0853658280378865
1,0.3217583838433282,0.6782416161566718
0,0.8033339849991844,0.1966660150008156
1,0.3526559548072853,0.6473440451927147
0,0.7806407289431919,0.219359271056808
1,0.3390842250439553,0.6609157749560447
0,0.953487575991692,0.046512424008308
0,0.643814783702712,0.3561852162972881
0,0.6721096176824466,0.3278903823175534
1,0.1270684500055429,0.8729315499944571
0,0.7797213474392161,0.2202786525607839
1,0.0899010259971173,0.9100989740028826
0,0.8985536846214399,0.10144631537856
0,0.6225956739186326,0.3774043260813674
1,0.3623227590232015,0.6376772409767985
1,0.1968274870393414,0.8031725129606586
1,0.1225496973712282,0.8774503026287718
1,0.4382924574064295,0.5617075425935705
0,0.926722794750133,0.073277205249867
0,0.8249024190897017,0.1750975809102982
1,0.4377017449060875,0.5622982550939125
0,0.8660668846727562,0.1339331153272438
0,0.6047311638596065,0.3952688361403936
0,0.8011714955205688,0.1988285044794312
0,0.627990032374018,0.372009967625982
0,0.5998367413189295,0.4001632586810705
0,0.952406546940226,0.0475934530597741
1,0.5197726969189852,0.4802273030810148
0,0.8434810987182585,0.1565189012817415
1,0.4092623970622173,0.5907376029377827
0,0.8997419111305873,0.1002580888694126
0,0.6343204431749404,0.3656795568250596
0,0.5424894245949186,0.4575105754050815
0,0.5418936091260489,0.4581063908739511
0,0.8336397463901228,0.1663602536098771
1,0.4299869564119154,0.5700130435880846
1,0.2493096709435366,0.7506903290564634
0,0.9642439483686148,0.0357560516313852
1,0.3949100197065236,0.6050899802934764
1,0.3405711489891579,0.659428851010842
0,0.7785192823651234,0.2214807176348766
0,0.9540981989034736,0.0459018010965265
0,0.8886309358156671,0.1113690641843328
0,0.8101408438079906,0.1898591561920094
0,0.7514219927629575,0.2485780072370425
0,0.6688486227982554,0.3311513772017446
0,0.8621817930069657,0.1378182069930343
1,0.5262561476786722,0.4737438523213277
0,0.904944496250109,0.095055503749891
0,0.6792529906070266,0.3207470093929734
0,0.8442275438665388,0.1557724561334612
0,0.8993845129604646,0.1006154870395353
0,0.8783460508951462,0.1216539491048538
0,0.8614853803317547,0.1385146196682452
1,0.5093403776707421,0.4906596223292578
1,0.0654952302334594,0.9345047697665404
0,0.8303894329499293,0.1696105670500707
0,0.922185110326628,0.077814889673372
0,0.9853873591506576,0.0146126408493424
0,0.9041065619613368,0.0958934380386633
0,0.7044457463149252,0.2955542536850749
0,0.6057921884298628,0.3942078115701372
1,0.4387547582995443,0.5612452417004556
1,0.4421854766644917,0.5578145233355083
0,0.8578846332114969,0.142115366788503
1,0.4166351923780427,0.5833648076219573
1,0.4300643952947967,0.5699356047052033
0,0.9011392484034756,0.0988607515965242
0,0.620412053661471,0.3795879463385289
0,0.8531141292178408,0.1468858707821591
0,0.9709348469295308,0.0290651530704691
0,0.608747730715972,0.391252269284028
0,0.927111997018572,0.0728880029814279
1,0.4831227575368403,0.5168772424631597
1,0.1667834759022373,0.8332165240977627
1,0.422180534853553,0.577819465146447
0,0.8503089279924702,0.1496910720075298
0,0.873429134423046,0.1265708655769539
0,0.9192400499336898,0.0807599500663102
0,0.9083634784875066,0.0916365215124933
1,0.1262651916689037,0.8737348083310963
0,0.7867851031490343,0.2132148968509657
0,0.8233401630688116,0.1766598369311883
0,0.7305764908167698,0.2694235091832302
0,0.8298798360084452,0.1701201639915548
0,0.5512545137596896,0.4487454862403103
0,0.7168300856940197,0.2831699143059802
0,0.9515769499910918,0.0484230500089081
0,0.7338623185921453,0.2661376814078546
0,0.8983073732267802,0.1016926267732197
1,0.4003604143216358,0.5996395856783642
0,0.716164386735761,0.283835613264239
0,0.8584958703172745,0.1415041296827255
0,0.7164556362236719,0.2835443637763281
0,0.5746115455347978,0.4253884544652022
1,0.027705319706614,0.972294680293386
1,0.3907266813844143,0.6092733186155856
0,0.8939105547542641,0.1060894452457359
0,0.8143330334762207,0.1856669665237793
0,0.7653383845642031,0.2346616154357969
0,0.8285362639224135,0.1714637360775865
0,0.9442662717189488,0.0557337282810511
0,0.5786120145183802,0.4213879854816199
0,0.6698855480461351,0.3301144519538649
1,0.2748549307190993,0.7251450692809007
0,0.5649568587571744,0.4350431412428256
1,0.1750941099509808,0.8249058900490192
0,0.9497177034202962,0.0502822965797038
0,0.6476620476488222,0.3523379523511778
0,0.8724727701559957,0.1275272298440043
1,0.4052494808855675,0.5947505191144324
0,0.8846743568450346,0.1153256431549654
0,0.5703200596269532,0.4296799403730468
1,0.5090885594205308,0.4909114405794692
0,0.9092265457428468,0.0907734542571533
0,0.5617704785355616,0.4382295214644384
0,0.9011972457788484,0.0988027542211515
0,0.9002118518394628,0.0997881481605371
0,0.96487219757747,0.03512780242253
0,0.901318660823273,0.0986813391767268
1,0.5262458905598354,0.4737541094401646
0,0.7359464249589922,0.2640535750410077
1,0.0665572809542373,0.9334427190457628
0,0.9768897022113272,0.0231102977886728
0,0.8295049277980756,0.1704950722019244
1,0.2642569276439953,0.7357430723560047
0,0.91920177521899,0.0807982247810099
0,0.9052837079995024,0.0947162920004976
0,0.7319131367075706,0.2680868632924294
0,0.8375375377479053,0.1624624622520947
1,0.0891314578147441,0.9108685421852558
0,0.9529601792417782,0.0470398207582217
0,0.8619033170679128,0.1380966829320872
1,0.4993068562488747,0.5006931437511253
0,0.8821406197288352,0.1178593802711648
1,0.1248131685156586,0.8751868314843414
0,0.7181466667256203,0.2818533332743796
0,0.8006144251405283,0.1993855748594717
0,0.8309713996641881,0.1690286003358119
0,0.8766382498873863,0.1233617501126137
0,0.5312083171746627,0.4687916828253373
0,0.9302625171569088,0.0697374828430913
1,0.3900854646718737,0.6099145353281262
1,0.4020313941890928,0.5979686058109072
0,0.9847077592242488,0.0152922407757513
0,0.8375270166811093,0.1624729833188907
0,0.935150777226451,0.064849222773549
1,0.3565016468186249,0.643498353181375
1,0.1759139321388712,0.8240860678611288
0,0.9130744003647172,0.0869255996352826
0,0.5800227972890377,0.4199772027109623
0,0.9129782833669048,0.0870217166330951
0,0.5928214985444131,0.4071785014555868
0,0.9226486445159716,0.0773513554840284
0,0.9178840065504348,0.0821159934495651
1,0.0327783801602421,0.967221619839758
0,0.9578399963056616,0.0421600036943382
0,0.9142736327897754,0.0857263672102247
0,0.949742614758022,0.0502573852419781
0,0.9663702779880012,0.0336297220119988
1,0.2402312599366668,0.7597687400633332
0,0.8810946871873341,0.1189053128126658
0,0.8931597447169205,0.1068402552830795
0,0.9416765663090182,0.0583234336909817
0,0.842044578984265,0.1579554210157349
0,0.5845393638480776,0.4154606361519224
0,0.8858393743302596,0.1141606256697404
0,0.9476322208113924,0.0523677791886074
1,0.3954063964633101,0.6045936035366899
0,0.6586277824692504,0.3413722175307496
0,0.7299373829110264,0.2700626170889736
1,0.5177349852745756,0.4822650147254243
0,0.950669519972061,0.049330480027939
0,0.9110448960850664,0.0889551039149336
0,0.9999999894376213,1.0562378713630403e-08
1,0.2002275405347456,0.7997724594652543
1,0.5210819850363393,0.4789180149636607
0,0.80285630991491,0.19714369008509
0,0.663014571807668,0.336985428192332
0,0.815364691305057,0.184635308694943
0,0.6327645489670688,0.3672354510329312
0,0.8020951372922968,0.1979048627077032
0,0.6329978386303874,0.3670021613696126
0,0.7378535691155392,0.2621464308844607
1,0.4247144041537201,0.5752855958462799
0,0.7449806652252136,0.2550193347747864
0,0.7651352984923898,0.2348647015076102
0,0.80514409781946,0.19485590218054
1,0.2182284556429614,0.7817715443570386
0,0.5825968034957577,0.4174031965042423
0,0.7654461856798043,0.2345538143201957
0,0.9832673047771052,0.0167326952228946
0,0.9008956997108072,0.0991043002891927
0,0.9999912998261498,8.700173850208665e-06
0,0.9374869418761044,0.0625130581238954
1,0.1725542988952905,0.8274457011047095
0,0.915520961627532,0.0844790383724681
0,0.9389036526691942,0.0610963473308058
0,0.7080064228806007,0.2919935771193993
0,0.9096872817824964,0.0903127182175036
0,0.9332309711644752,0.0667690288355246
0,0.8020113144079739,0.1979886855920261
0,0.8778402336778968,0.1221597663221032
1,0.3915489487166609,0.6084510512833391
0,0.5329704205869392,0.4670295794130608
1,0.4472989628298089,0.552701037170191
0,0.9308563860172736,0.0691436139827264
0,0.7878942205481391,0.2121057794518609
1,0.1294044259775018,0.8705955740224982
1,0.1681913322785555,0.8318086677214445
0,0.8344243050974077,0.1655756949025922
0,0.8569169313427569,0.1430830686572431
0,0.9998926596757708,0.00010734032422911126
0,0.8818461240809933,0.1181538759190067
0,0.8980635825283978,0.1019364174716022
0,0.7024115452450186,0.2975884547549813
1,0.1211752658955171,0.8788247341044828
0,0.8631012098058716,0.1368987901941284
0,0.5908388817211828,0.4091611182788172
1,0.4343278805166778,0.5656721194833222
0,0.9876251467071778,0.0123748532928222
1,0.2955096656997935,0.7044903343002065
0,0.915087534880038,0.0849124651199618
0,0.8820117041197223,0.1179882958802777
1,0.3191731650612315,0.6808268349387685
0,0.9629189457368684,0.0370810542631317
0,0.9675070287043354,0.0324929712956646
0,0.829516825560377,0.170483174439623
0,0.8685302294446051,0.1314697705553948
0,0.9273849110620052,0.0726150889379948
0,0.5356713062541468,0.4643286937458531
1,0.2168842856900019,0.783115714309998
0,0.6968423156918668,0.3031576843081331
0,0.7690583688981516,0.2309416311018483
1,0.0911198315517153,0.9088801684482848
0,0.8197177172026432,0.1802822827973568
1,0.4008298989855144,0.5991701010144855
0,0.8883670473071026,0.1116329526928974
1,0.3467369520693463,0.6532630479306537
0,0.9589674163251928,0.041032583674807
0,0.9519647265964672,0.0480352734035328
1,0.2082513650302386,0.7917486349697613
0,0.8270256304984305,0.1729743695015695
0,0.8800548657136453,0.1199451342863546
0,0.5797383714491724,0.4202616285508276
0,0.8660647086355169,0.133935291364483
0,0.8857311215891552,0.1142688784108447
1,0.0216609571052135,0.9783390428947863
0,0.905846756526328,0.094153243473672
0,0.9889112829599996,0.0110887170400002
1,0.4390351964633709,0.560964803536629
1,0.2552243950738347,0.7447756049261652
1,0.2252154844824028,0.7747845155175972
0,0.8574724253558426,0.1425275746441574
0,0.8915375197440076,0.1084624802559923
0,0.8584460846979556,0.1415539153020443
0,0.7841343510522844,0.2158656489477156
0,0.7622512131286616,0.2377487868713383
0,0.7205772936545987,0.2794227063454013
0,0.7184344742753701,0.2815655257246298
0,0.6194431395120087,0.3805568604879913
0,0.8576058021861143,0.1423941978138857
1,0.2847665926961248,0.7152334073038752
0,0.8437437254577728,0.1562562745422272
0,0.812173688395169,0.187826311604831
0,0.9333868742538144,0.0666131257461855
0,0.8616868104888423,0.1383131895111576
1,0.5052241533343934,0.4947758466656066
0,0.9591338152477634,0.0408661847522365
1,0.4087795505652309,0.591220449434769
0,0.6195682463436658,0.3804317536563341
0,0.9435181242099931,0.0564818757900068
0,0.9763752525273706,0.0236247474726294
0,0.8922106795555231,0.1077893204444768
0,0.9191086786001332,0.0808913213998666
0,0.947417891516632,0.0525821084833679
0,0.5571351481207505,0.4428648518792495
1,0.3250352248436897,0.6749647751563103
0,0.953840105586968,0.046159894413032
0,0.7243090435996419,0.2756909564003581
1,0.2738161760553285,0.7261838239446715
0,0.9103725953931356,0.0896274046068644
1,0.3236963522535405,0.6763036477464595
0,0.902705948675458,0.0972940513245421
0,0.5492797165276748,0.4507202834723252
0,0.8540091032261473,0.1459908967738527
0,0.93359669399436,0.0664033060056399
1,0.4601172797595914,0.5398827202404086
0,0.9044904176721208,0.095509582327879
1,0.0842977800189536,0.9157022199810464
0,0.92411951755534,0.0758804824446599
0,0.8514140896042756,0.1485859103957244
0,0.9888470278883628,0.0111529721116374
1,0.3772788349837389,0.6227211650162611
0,0.8186366525193042,0.1813633474806958
1,0.4834223972498076,0.5165776027501924
0,0.8027884599705131,0.1972115400294869
1,0.5088327967252186,0.4911672032747813
0,0.7566164600667596,0.2433835399332403
0,0.6071669867973135,0.3928330132026865
0,0.8166574264932311,0.1833425735067688
0,0.8003813728274642,0.1996186271725357
0,0.7869124129625561,0.2130875870374438
1,0.3137343403268935,0.6862656596731065
1,0.3011695795508909,0.698830420449109
0,0.8644102427940397,0.1355897572059603
0,0.823248960381117,0.176751039618883
0,0.9239450931101222,0.0760549068898778
0,0.999952707364846,4.729263515400565e-05
0,0.9610554404855424,0.0389445595144577
1,0.1707058486384618,0.8292941513615382
